# loss
-1702.47
-1703.29
-1699.68
-1709.35
-1698.78
-1704.28
-1712.07
-1699.6
-1701.45
-1701.93
-1704.77
-1698.7
-1705.07
-1710.72
-1710.29
-1706.12
-1703.64
-1706.93
-1706.82
-1709.04
-1697.65
-1702.51
-1696.49
-1695.78
-1706.26
-1701.08
-1697.21
-1708.94
-1701.91
-1710.11
-1700.61
-1701.4
-1698.86
-1708.12
-1698.83
-1705.28
-1697.52
-1706
-1701.16
-1702.86
-1708.73
-1708.53
-1704.03
-1701.09
-1701.87
-1702.35
-1699.11
-1704.37
-1701.71
-1716.29
-1699.7
-1705.31
-1699.77
-1702.7
-1705.79
-1706.14
-1693.17
-1700.49
-1707.93
-1701.58
-1707.91
-1700.36
-1705.37
-1703.51
-1700.92
-1704.65
-1715
-1700.05
-1708.84
-1703.72
-1710.98
-1700.43
-1702.39
-1703.49
-1718.04
-1707.7
-1697.76
-1709.37
-1713.18
-1708.4
-1701.04
-1712.01
-1703.01
-1695.38
-1704.46
-1709.87
-1707.55
-1704.92
-1713.98
-1700.81
-1716.81
-1710.35
-1715.71
-1705.27
-1708.64
-1697.48
-1712.68
-1706.97
-1695.91
-1713.18
-1704.7
-1707.06
-1713.25
-1703.17
-1709.88
-1709.76
-1711.34
-1712.88
-1715.27
-1713.97
-1711.37
-1712.63
-1715.41
-1713.98
-1708.41
-1715
-1707.39
-1719.54
-1711.02
-1711.57
-1712.83
-1712.9
-1718.2
-1724.1
-1711.78
-1720.6
-1712.33
-1727.55
-1715.27
-1711.24
-1706.32
-1709.68
-1711.74
-1709.14
-1715.38
-1727.19
-1715.5
-1720.68
-1717.69
-1717.87
-1720.58
-1717.26
-1720.15
-1720.96
-1719.36
-1710.89
-1711
-1708.4
-1715.36
-1725.62
-1720.51
-1728.8
-1714.28
-1731.49
-1723.28
-1718.66
-1723.5
-1713.29
-1718.7
-1721.67
-1722.42
-1725.91
-1729.82
-1722.78
-1717.34
-1721.56
-1728.44
-1708.42
-1721.28
-1727.75
-1722.55
-1727.15
-1731.04
-1725.45
-1713.43
-1718.83
-1734.63
-1717.33
-1719.75
-1719.37
-1725.01
-1731.11
-1723.9
-1722.54
-1725.54
-1716.43
-1716.2
-1726.69
-1718.05
-1731.9
-1720.65
-1710.66
-1721.61
-1731.61
-1719.39
-1733.58
-1724.85
-1719.22
-1726.01
-1729
-1733.83
-1724.35
-1728.8
-1720.09
-1713.8
-1732.76
-1730.19
-1726.13
-1736.34
-1722.84
-1728.37
-1725.17
-1712.38
-1729.87
-1722.56
-1718.31
-1720.69
-1726.87
-1733.41
-1726.06
-1726.52
-1728.14
-1733.18
-1733.1
-1734.04
-1728.84
-1737.83
-1728.51
-1738.94
-1722.83
-1725.59
-1733.83
-1739.96
-1730.48
-1730.18
-1730.18
-1730.36
-1731.7
-1730.42
-1723.79
-1736.18
-1735.36
-1744.52
-1735.1
-1737.54
-1744.47
-1734.36
-1736.22
-1732.95
-1738.33
-1742.77
-1732.01
-1742.81
-1731.15
-1741.38
-1736.21
-1739.68
-1736.66
-1748.36
-1746.38
-1745.7
-1739.55
-1733.28
-1745.82
-1744.98
-1743.23
-1743.51
-1742.64
-1740.71
-1737.87
-1748.25
-1746.29
-1743.71
-1743.76
-1748.09
-1744.23
-1749.72
-1749.6
-1749
-1746.3
-1745.55
-1745.87
-1745.52
-1743.29
-1749.57
-1750.56
-1746.12
-1751.66
-1745.6
-1746.81
-1748.48
-1751.57
-1754.45
-1754.15
-1754.27
-1748.96
-1743.07
-1761.67
-1752.87
-1753.85
-1757.78
-1755.52
-1752.5
-1759.97
-1757.41
-1751.07
-1760.58
-1754.5
-1755.43
-1759.89
-1754.08
-1761.53
-1758.7
-1758.25
-1754.98
-1761.04
-1766.49
-1757.6
-1761.8
-1756.22
-1765.92
-1765.61
-1765.64
-1765.7
-1769.55
-1766.81
-1773.5
-1771.23
-1769.51
-1769.18
-1768.06
-1766.11
-1767.48
-1771.7
-1770.4
-1773.46
-1768.88
-1771.48
-1768.88
-1770.44
-1770.27
-1777.38
-1775.46
-1781.85
-1775.96
-1778.1
-1780.73
-1781.25
-1772.66
-1783.03
-1777.04
-1781.08
-1781.04
-1777.98
-1777.53
-1785.58
-1785.4
-1786.1
-1783.95
-1788.77
-1785.6
-1791.28
-1790.34
-1790.14
-1785.34
-1789.41
-1790.34
-1793.38
-1794.6
-1791.98
-1796.5
-1795.41
-1795.11
-1794.23
-1795.39
-1797.62
-1799.82
-1798.74
-1795.28
-1795.79
-1797.01
-1799.65
-1800.29
-1801.41
-1801.47
-1799.02
-1806.39
-1799.98
-1806.39
-1803.47
-1805.64
-1802.06
-1803.27
-1804.1
-1802.39
-1805.07
-1805.45
-1800.49
-1801.02
-1799.56
-1808.29
-1812.39
-1806.24
-1807.99
-1806.77
-1806.2
-1811.01
-1803.43
-1809.87
-1805.32
-1805.73
-1805.65
-1806.5
-1811.16
-1806.3
-1810.29
-1813.18
-1811.46
-1810.02
-1810.74
-1807.65
-1809.74
-1811.98
-1808.94
-1810.98
-1808.71
-1811.42
-1812.03
-1809.52
-1808.21
-1810.54
-1813.95
-1810.66
-1807.96
-1814.89
-1811.83
-1808.4
-1811.76
-1813.46
-1811.08
-1810.74
-1812.88
-1813.05
-1812.83
-1814.84
-1812.57
-1812.98
-1812.86
-1812.37
-1813.81
-1814.97
-1814.53
-1810.43
-1814.54
-1813.84
-1817.49
-1814.74
-1816.7
-1815.56
-1816.99
-1816.37
-1817.79
-1815.55
-1814.93
-1814.11
-1816.53
-1815.7
-1815.77
-1815.15
-1816.8
-1816.3
-1816
-1816.75
-1817.77
-1818.42
-1818.28
-1816.22
-1817.61
-1817.19
-1818.4
-1817.72
-1815.52
-1816.3
-1816.48
-1817.69
-1818.92
-1816.33
-1816.5
-1819.43
-1816.22
-1816.34
-1817.59
-1817.65
-1818.58
-1817.1
-1818.37
-1817.38
-1817.97
-1816.96
-1816.89
-1819.34
-1817.81
-1818.87
-1820.07
-1819.28
-1820.2
-1816.1
-1818.07
-1819.3
-1818.58
-1819.71
-1817.33
-1819.16
-1819.4
-1817.33
-1818.98
-1816.2
-1818.56
-1818.33
-1818.68
-1815.76
-1819
-1817.13
-1817.76
-1818.28
-1818.86
-1819.97
-1818.07
-1820.83
-1818.25
-1819.32
-1819.84
-1819.83
-1818.88
-1818.97
-1819.37
-1818.11
-1820.3
-1819.6
-1817.87
-1820.16
-1817.96
-1817.97
-1818.71
-1819.64
-1818.32
-1820.62
-1818.57
-1821.94
-1819.65
-1819.47
-1819.97
-1821.12
-1819.95
-1819.41
-1821.1
-1818.62
-1820.45
-1820.1
-1820.09
-1820.24
-1818.27
-1821.31
-1817.66
-1819.57
-1820.65
-1819.28
-1819.59
-1818.86
-1819.69
-1820.75
-1818.43
-1820.11
-1820.73
-1821.44
-1819.85
-1820.79
-1818.28
-1821.14
-1820.81
-1821.19
-1820.12
-1821.23
-1819.42
-1819.82
-1821.74
-1820.12
-1819.01
-1820.4
-1819.87
-1822.53
-1818.58
-1820.62
-1821.25
-1821.66
-1821.52
-1820.88
-1821.22
-1821.18
-1821.28
-1821.32
-1821
-1820.81
-1819.86
-1821.04
-1821.05
-1820.4
-1820.85
-1821.22
-1821.79
-1820.78
-1821.67
-1818.34
-1822.37
-1823.14
-1820.64
-1821.81
-1819.66
-1821.77
-1821.22
-1820.18
-1821.76
-1820.55
-1821.37
-1820.48
-1819.62
-1822.77
-1821.7
-1821.57
-1821.59
-1820.34
-1823.08
-1821.3
-1822.73
-1822.33
-1821.73
-1821.16
-1818.18
-1821.85
-1821.06
-1823.12
-1820.95
-1820.37
-1821.9
-1821.55
-1821.03
-1821.79
-1822.59
-1820.39
-1821.51
-1822.93
-1819.94
-1819.35
-1821.92
-1818.52
-1819.68
-1821.22
-1820.2
-1819.14
-1821.9
-1822.1
-1820.73
-1820.1
-1822.13
-1820.97
-1821.07
-1821.78
-1819.75
-1819.54
-1821.12
-1821.89
-1820.85
-1820.36
-1821.77
-1820.65
-1821.26
-1821.23
-1820.67
-1822.03
-1820.91
-1823.45
-1821
-1822.44
-1823.06
-1823.49
-1821.45
-1822.53
-1821.81
-1821.6
-1822.3
-1822.44
-1822.62
-1823.46
-1822.42
-1823.5
-1821.94
-1823.49
-1823.48
-1823.54
-1821.21
-1822.51
-1824.18
-1823.08
-1821.86
-1822.78
-1823.23
-1821.04
-1823.05
-1822.18
-1823.11
-1821.48
-1822.21
-1822.52
-1821.82
-1821.75
-1822.07
-1823.9
-1821.36
-1822.28
-1821.69
-1821.81
-1821.83
-1822.69
-1822.95
-1822.63
-1822.47
-1821.9
-1823.41
-1821.76
-1821.81
-1824.08
-1823.49
-1823.22
-1822.47
-1823.28
-1823.04
-1822.75
-1822.14
-1822.03
-1822.31
-1821.03
-1822.39
-1822.54
-1821.73
-1822.34
-1823.62
-1822.35
-1822.92
-1822.33
-1823.63
-1822.8
-1823.57
-1821.86
-1822.96
-1823.07
-1823.71
-1822.73
-1823.47
-1822.55
-1823.13
-1821.6
-1820.91
-1823.22
-1821.84
-1823.03
-1822.55
-1822.47
-1822.59
-1822.56
-1822.86
-1822.12
-1821.79
-1824.41
-1822.85
-1821.93
-1824.03
-1823.45
-1821.31
-1824.12
-1822.74
-1821.93
-1822.91
-1822.32
-1822.28
-1822.94
-1822.43
-1822.12
-1822.52
-1822.53
-1823.13
-1823.31
-1823.3
-1823.01
-1822.3
-1821.85
-1823.17
-1822.13
-1823.06
-1823.32
-1822.88
-1823.3
-1824.42
-1823.16
-1822.31
-1824.42
-1822.4
-1823.18
-1822.32
-1822.94
-1823.5
-1821.99
-1821.39
-1823.56
-1824.07
-1822.26
-1823.3
-1823.39
-1822.92
-1823.16
-1823.49
-1823.86
-1822.04
-1822.95
-1822.57
-1823.35
-1823.76
-1822.46
-1823.29
-1822.75
-1822.28
-1823.12
-1822.11
-1821.82
-1823.52
-1823.51
-1823.11
-1824.18
-1823.22
-1823.07
-1823.01
-1822.42
-1820.94
-1824.14
-1823.01
-1822
-1821.32
-1822.8
-1822.98
-1823.19
-1822.61
-1822.85
-1823.96
-1823.46
-1822.89
-1824.11
-1824.09
-1823.81
-1823.81
-1823.96
-1823.54
-1823.57
-1824.94
-1823.94
-1823.59
-1824.12
-1824.98
-1824.12
-1823.56
-1822.85
-1823.39
-1823.69
-1822.96
-1823.56
-1823.87
-1823.72
-1822.96
-1822.41
-1822.79
-1824.29
-1823.73
-1823.52
-1824.46
-1823.31
-1823.73
-1823.51
-1823.05
-1824.23
-1823.39
-1823.35
-1823.82
-1823.69
-1823.36
-1823.64
-1818.89
-1824.63
-1824.09
-1823.95
-1823.28
-1824.02
-1823.67
-1822.85
-1823.07
-1823.42
-1823.97
-1824.57
-1823.88
-1824.61
-1824.28
-1822.57
-1824.53
-1822.51
-1823.85
-1824.59
-1824.27
-1823.55
-1824.23
-1825.03
-1823.76
-1823.43
-1825.27
-1824.24
-1823.59
-1822.65
-1822.21
-1824.42
-1824.18
-1824
-1823.49
-1823.82
-1823.21
-1823.62
-1823.94
-1824.07
-1822.72
-1824.25
-1823.43
-1823.27
-1823.2
-1824.62
-1823.87
-1824.55
-1823.52
-1823.12
-1822.9
-1823.81
-1823.6
-1823.91
-1823.54
-1822.73
-1824.29
-1823.91
-1822.15
-1824.59
-1824.78
-1821.92
-1824.53
-1822.97
-1822.65
-1823.3
-1824.6
-1823.62
-1823.79
-1823.7
-1824.84
-1823.38
-1824.64
-1823.47
-1824.1
-1818.21
-1823.72
-1824.44
-1823.37
-1824.59
-1823.13
-1824
-1823.72
-1823.31
-1823.99
-1824.08
-1822.82
-1823.92
-1821.99
-1823.8
-1824.24
-1823.92
-1824.1
-1823.32
-1823.27
-1824.48
-1823.74
-1822.88
-1823.63
-1823.1
-1824.04
-1824.35
-1824.22
-1824.23
-1824.88
-1823.92
-1823.93
-1825.15
-1823.21
-1824.59
-1824.54
-1824.09
-1824.46
-1823.87
-1823.84
-1823.85
-1824.62
-1823.94
-1824.68
-1824.05
-1824.56
-1824.57
-1825.43
-1823.38
-1824.72
-1823.71
-1824.9
-1825.24
-1824.58
-1823.67
-1824.88
-1824.54
-1823.55
-1824.2
-1825.37
-1823.99
-1824.41
-1823.36
-1824.29
-1824.34
-1824.85
-1823.74
-1823.95
-1824.93
-1823.48
-1825.61
-1823.56
-1824.25
-1824.95
-1825.05
-1824.92
-1824.8
-1819.03
-1824.33
-1825.43
-1825.1
-1823.49
-1823.7
-1824.36
-1824.9
-1823.43
-1824.87
-1824.42
-1824.81
-1822.98
-1824
-1824.55
-1824.16
-1824.98
-1825.17
-1825.13
-1823.24
-1824.25
-1824.56
-1824.2
-1824.35
-1825.84
-1824.86
-1824.49
-1824.94
-1825.92
-1824.13
-1823.57
-1823.82
-1824.13
-1824.36
-1824.67
-1824.38
-1824.43
-1825.79
-1824.55
-1824.18
-1825.41
-1824.94
-1824
-1825.3
-1824.01
-1824.43
-1825.34
-1824.88
-1823.88
-1824.05
-1824.4
-1824.38
-1823.32
-1824
-1824.49
-1824.49
-1824.66
-1825.09
-1825.18
-1824.63
-1824.34
-1824.4
-1825.22
-1823.94
-1824.31
-1824.96
-1824.68
-1824.43
-1824.28
-1824.42
-1824.84
-1825.23
-1824.2
-1823.83
-1824.55
-1826.01
-1825.39
-1824.59
-1824.87
-1824.93
-1825.21
-1824.63
-1824.86
-1824.74
-1824.99
-1825.55
-1824.53
-1824.67
-1824.69
-1825.89
-1825.16
-1824.92
-1824.5
-1825.36
-1825.11
-1824.12
-1824.03
-1825.19
-1824.38
-1824.3
-1824.68
-1825.08
-1820.19
-1825.16
-1825
-1825.15
-1825.21
-1824.92
-1824.48
-1824.24
-1824.69
-1824.78
-1825.31
-1824.63
-1823.4
-1824.14
-1823.22
-1824.17
-1824.32
-1824.74
-1824.79
-1824.59
-1824.58
-1825.05
-1825.25
-1824.6
-1824.84
-1824.72
-1824.09
-1824.56
-1824.21
-1824.68
-1823.6
-1825.3
-1824.86
-1823.92
-1823.85
-1824.43
-1824.6
-1824.65
-1825.43
-1825.08
-1824.25
-1824.67
-1824.14
-1825.3
-1825.12
-1826.12
-1825.17
-1823.7
-1823.89
-1824.75
-1824.3
-1823.95
-1823.76
-1823.09
-1825.04
-1824.95
-1823.38
-1823.14
-1823.73
-1824.44
-1824.13
-1824.21
-1824.1
-1825.3
-1823.81
-1823.71
-1820.02
-1822.74
-1823.67
-1824.53
-1824.31
-1824.79
-1824.04
-1822.69
-1823.42
-1824.75
-1824.71
-1823.03
-1823.95
-1823.74
-1824.38
-1824.34
-1823.63
-1824.03
-1824.99
-1823.67
-1824.81
-1823.56
-1823.25
-1824.94
-1824.72
-1823.68
-1825.57
-1824.78
-1824.25
-1824.84
-1824.41
-1823.67
-1823.98
-1824.5
-1824.5
-1824.55
-1824.27
-1825.52
-1824.61
-1825.73
-1824.87
-1824.95
-1825.21
-1824.4
-1824.35
-1824.55
-1825.03
-1824.77
-1824.83
-1825.24
-1825.25
-1823.95
-1823.55
-1824.8
-1824.5
-1823.85
-1825.62
-1825.47
-1824.38
-1824.92
-1824.08
-1824.95
-1823.7
-1824.87
-1825.54
-1825.41
-1824.75
-1824.21
-1824.76
-1824.09
-1824.32
-1824.43
-1825.22
-1824.66
-1824.36
-1824.34
-1824.82
-1824.76
-1824.61
-1824.49
-1823.98
-1825.75
-1825.55
-1824.72
-1824.81
-1824.53
-1824.21
-1825.01
-1822.32
-1825.43
-1824.3
-1825.2
-1824.31
-1825.02
-1824.82
-1825.19
-1824.87
-1825.3
-1825.11
-1824.58
-1824.94
-1824.85
-1824.18
-1825.7
-1824.37
-1824.34
-1824.42
-1825.34
-1825.14
-1824.57
-1824.76
-1824.5
-1824.56
-1825.79
-1825.11
-1825.17
-1819.01
-1824.49
-1823.86
-1824.05
-1823.81
-1825.38
-1825.22
-1824.38
-1825.57
-1824.82
-1824.27
-1825.11
-1825.6
-1824.04
-1825.6
-1825.32
-1824.03
-1825.03
-1824.9
-1823.8
-1824.17
-1824.78
-1824.77
-1823.64
-1824.9
-1824.09
-1825.05
-1824.44
-1825.85
-1825.22
-1823.88
-1825.54
-1825.15
-1825.05
-1824.26
-1824.18
-1824.86
-1825.06
-1825.46
-1825.37
-1824.44
-1825.35
-1824.38
-1825.03
-1825.06
-1825.79
-1825.37
-1824.96
-1824.82
-1824.67
-1825.46
-1824.75
-1825.18
-1825.02
-1824.63
-1825.36
-1825.05
-1824.7
-1824.07
-1824.51
-1824.95
-1825.05
-1825.83
-1825.44
-1824.66
-1825.6
-1824.86
-1825.37
-1825.23
-1825.42
-1824.84
-1824.4
-1824.88
-1824.44
-1825.29
-1824.94
-1825.01
-1825.59
-1824.62
-1826.63
-1825.64
-1825.23
-1825.6
-1825.12
-1825.46
-1825.29
-1825.48
-1824.76
-1824.71
-1824.92
-1825.18
-1825.42
-1824.37
-1825.09
-1825.42
-1825.15
-1822.3
-1824.72
-1825.03
-1826.26
-1824.74
-1825.36
-1823.64
-1824.58
-1825.95
-1824.98
-1825.03
-1824.28
-1825.38
-1824.45
-1824.57
-1824.54
-1825.51
-1824.9
-1825.52
-1824.49
-1825.23
-1824.68
-1825.67
-1825.81
-1825.24
-1824.76
-1825.28
-1824.89
-1825.18
-1825.08
-1824.15
-1824.61
-1825.14
-1820.24
-1824.39
-1825.02
-1825.27
-1825.26
-1824.38
-1826.16
-1825.09
-1825.54
-1826.01
-1825.2
-1825
-1825.53
-1826.13
-1825.44
-1823.81
-1825.38
-1825.05
-1824.47
-1825.41
-1825.36
-1825.21
-1825.4
-1825.19
-1825.92
-1825.58
-1824.99
-1824.79
-1825.43
-1825.27
-1825.28
-1825.05
-1825.02
-1824.44
-1825.89
-1825.51
-1825.33
-1824.3
-1824.77
-1825.53
-1824.89
-1825.72
-1824.72
-1825.06
-1825.12
-1825.71
-1824.67
-1824.94
-1825.08
-1824.63
-1824.51
-1824.97
-1824.96
-1824.99
-1824.79
-1824.63
-1825.07
-1825.52
-1824.51
-1825.22
-1825.31
-1824.99
-1825.32
-1825.35
-1825.74
-1825.06
-1825.45
-1825.11
-1824.87
-1825.1
-1825.42
-1824.93
-1825.6
-1825.22
-1824.9
-1825.07
-1825.21
-1825.82
-1824.72
-1825.57
-1824.81
-1825.8
-1826.09
-1824.39
-1825.63
-1825.45
-1826.13
-1826
-1824.83
-1825.76
-1825.61
-1826.14
-1824.89
-1825.49
-1825.98
-1825.27
-1825.79
-1825.08
-1825.79
-1824.88
-1825.11
-1825.76
-1825.82
-1826.15
-1824.97
-1825.05
-1825.26
-1825.05
-1825.74
-1825.43
-1825.14
-1825.66
-1825.16
-1824.35
-1825.78
-1824.86
-1825.45
-1825.53
-1825.24
-1824.39
-1824.81
-1825.92
-1825.32
-1824.74
-1824.13
-1825.22
-1825.24
-1821.64
-1825.49
-1825.29
-1825.26
-1824.23
-1825.23
-1825.87
-1824.82
-1825.79
-1824.57
-1825.18
-1825.35
-1825.07
-1825.37
-1825.31
-1825.46
-1824.95
-1825.79
-1825.47
-1824.58
-1824.98
-1825.7
-1825.88
-1824.63
-1826.09
-1825.34
-1824.93
-1823.72
-1825.76
-1825.57
-1824.99
-1824.76
-1824.68
-1825.19
-1825.05
-1824.61
-1824.26
-1824.74
-1825.23
-1823.9
-1825.48
-1825.52
-1824.76
-1825.82
-1825.35
-1825.5
-1824.86
-1824.57
-1825.41
-1825.71
-1825.31
-1825
-1825.01
-1824.66
-1825.14
-1823.7
-1825.79
-1825.41
-1824.48
-1824.45
-1825.36
-1825.46
-1825.07
-1825.38
-1825.06
-1822.99
-1825.51
-1826.21
-1825.84
-1825.96
-1826.49
-1824.87
-1825.07
-1825.85
-1825.03
-1825.89
-1825.68
-1825.28
-1824.34
-1825.98
-1825.62
-1825.52
-1825.56
-1824.93
-1825.75
-1825.42
-1824.9
-1825.91
-1825.66
-1825.74
-1824.65
-1826.03
-1825.29
-1826.14
-1825.67
-1825.09
-1826.83
-1825.46
-1825.61
-1825.86
-1824.31
-1825.06
-1825.09
-1825.02
-1824.35
-1824.44
-1825.08
-1824.64
-1825.46
-1825.17
-1825.46
-1825.64
-1822.21
-1826
-1824.91
-1825.63
-1825.02
-1826.48
-1825.7
-1826.14
-1824.41
-1826.08
-1825.01
-1825.89
-1825.16
-1823.91
-1824.66
-1826.52
-1826.2
-1824.89
-1824.91
-1826.47
-1824.75
-1825.09
-1826.01
-1825.05
-1825.02
-1825.94
-1825.06
-1825.19
-1825.17
-1825.98
-1825.74
-1825.06
-1825.3
-1825.15
-1825.58
-1826
-1824.8
-1826.03
-1826.46
-1825.27
-1824.83
-1825.23
-1825.3
-1825.14
-1825.9
-1825.42
-1826.44
-1824.67
-1825.05
-1825.97
-1825.77
-1823.99
-1825.65
-1825.74
-1824.28
-1825.56
-1825.22
-1825.18
-1825.28
-1825.49
-1825.64
-1825.76
-1824.45
-1825.37
-1826.03
-1824.96
-1826.06
-1823.99
-1825.86
-1825.79
-1825.53
-1824.68
-1825.61
-1825.69
-1825.8
-1824.95
-1825.28
-1825.72
-1825.62
-1826.22
-1825.37
-1825.94
-1825.03
-1824.49
-1825.38
-1825.38
-1825.27
-1826.1
-1825.92
-1825.75
-1825.47
-1825.85
-1826.16
-1825.24
-1825.73
-1825.75
-1825.2
-1825.75
-1825.85
-1825.74
-1825.41
-1825.67
-1825.73
-1824.51
-1826.11
-1824.91
-1825.63
-1824.85
-1825.32
-1824.63
-1824.98
-1825.33
-1825.21
-1826.11
-1825.84
-1825.12
-1825.72
-1826.32
-1825.87
-1825.8
-1825.8
-1825.27
-1825.23
-1825.39
-1825.62
-1825.33
-1825.41
-1826.09
-1826.21
-1825.2
-1825.23
-1825.6
-1825.39
-1825.85
-1824.92
-1825.05
-1825.68
-1826.07
-1825.47
-1825.37
-1825.75
-1825.62
-1825.12
-1825.87
-1825.05
-1824.16
-1825.78
-1824.82
-1826.08
-1825.65
-1825.18
-1825.32
-1825.14
-1825.84
-1825.19
-1825.52
-1825.48
-1825.06
-1825
-1825.52
-1825.93
-1824.84
-1825.15
-1825.96
-1825.34
-1825.7
-1825.22
-1825.55
-1825.15
-1824.96
-1824.93
-1826.47
-1825.4
-1825.04
-1824.55
-1825.39
-1825.46
-1825.55
-1826.08
-1825.12
-1825.77
-1825.78
-1826.06
-1826.18
-1825.36
-1824.77
-1825.64
-1824.54
-1822.15
-1825.89
-1825.35
-1825.56
-1826.1
-1825.33
-1826.38
-1824.64
-1825.28
-1825.45
-1826.43
-1825.6
-1825.16
-1826.03
-1825.9
-1825.23
-1824.65
-1826.11
-1825.42
-1825.54
-1825.37
-1826.11
-1824.9
-1825.82
-1825.71
-1826.29
-1825.64
-1825.85
-1824.46
-1825.28
-1824.69
-1825.73
-1825.84
-1825.6
-1825.84
-1825.88
-1824.87
-1825.45
-1825.59
-1826.37
-1826.11
-1825.31
-1825.9
-1825.39
-1824.84
-1825.04
-1825.6
-1825.1
-1825.66
-1825.5
-1824.96
-1825.7
-1825.13
-1825.4
-1825.49
-1826.46
-1825.7
-1824.73
-1825.69
-1825.68
-1825.93
-1825.5
-1825.12
-1826.47
-1825.98
-1824.98
-1826.37
-1824.84
-1825.91
-1824.46
-1825.76
-1825.8
-1825.16
-1824.79
-1825.46
-1825.12
-1824.7
-1825.09
-1825.99
-1825.3
-1824.42
-1824.41
-1825.13
-1825.35
-1825.7
-1824.47
-1825.71
-1825.79
-1825.55
-1826.09
-1825.74
-1825.79
-1825.91
-1825.46
-1825.1
-1824.85
-1826.07
-1822.93
-1826.01
-1824.89
-1825.13
-1825.35
-1825.2
-1825.53
-1824.9
-1824.32
-1825.63
-1825.36
-1825.31
-1825.66
-1825.81
-1826.21
-1825.35
-1825.66
-1824.91
-1826.24
-1826.04
-1825.19
-1825.07
-1820.44
-1826.43
-1825.16
-1824.97
-1826.39
-1824.85
-1825.65
-1825.75
-1825.92
-1826.29
-1826.27
-1825.91
-1825.34
-1825.06
-1826.41
-1825.7
-1826.14
-1825.96
-1825.87
-1825.38
-1825.19
-1825.34
-1825.38
-1825.75
-1825.43
-1825.66
-1825.29
-1826.14
-1825.69
-1825.98
-1825.83
-1826.11
-1825.84
-1825.17
-1825.98
-1825.7
-1825.28
-1825.94
-1825.81
-1825.27
-1825.6
-1825.91
-1824.77
-1825.75
-1826.02
-1825.77
-1825.24
-1825.97
-1825.56
-1825.77
-1825.96
-1825.29
-1825.22
-1824.07
-1827.03
-1825.48
-1826.08
-1825.13
-1825.74
-1825.36
-1825.32
-1826.17
-1825.22
-1824.82
-1825.4
-1824.96
-1825.58
-1825.8
-1825.78
-1825.63
-1825.75
-1825.5
-1825.32
-1826.37
-1823.87
-1824.5
-1826
-1825.9
-1825.87
-1825.14
-1825.94
-1825.04
-1825.53
-1825.19
-1826.3
-1824.84
-1826.14
-1825.8
-1825.51
-1825.49
-1826.57
-1825.19
-1825.08
-1826.34
-1826.08
-1825.35
-1826.1
-1825.25
-1826.03
-1826.08
-1825.53
-1826.07
-1825.89
-1825.89
-1824.58
-1825.54
-1826.12
-1825.61
-1825.69
-1825.15
-1825.52
-1826.67
-1825.91
-1826.07
-1825.58
-1825.16
-1825.52
-1825.69
-1825.16
-1826.41
-1825.82
-1825.95
-1826.2
-1825.64
-1825.52
-1825.44
-1826.35
-1825.56
-1825.06
-1825.6
-1825.19
-1825.38
-1826.2
-1825.07
-1825.31
-1825.2
-1824.86
-1826.63
-1826.01
-1825.66
-1825.18
-1824.71
-1825.56
-1825.81
-1825.55
-1824.95
-1825.51
-1825.86
-1825.67
-1825
-1825.29
-1826.1
-1825.63
-1825.73
-1824.92
-1825.01
-1826.02
-1825.9
-1825.72
-1825.83
-1825.64
-1824.92
-1825.53
-1825.35
-1825.55
-1825.98
-1826.14
-1825.64
-1825.76
-1825.5
-1825.07
-1824.32
-1825.94
-1825.54
-1825.87
-1825.63
-1825.08
-1825.99
-1825.48
-1825.46
-1825.24
-1825.39
-1825
-1819.91
-1825.37
-1826.51
-1824.85
-1826.1
-1825.46
-1825.88
-1825.3
-1826.2
-1826.04
-1826.1
-1826.13
-1825.08
-1825.34
-1826
-1825.72
-1825.01
-1825.06
-1825.44
-1824.7
-1825.98
-1825.44
-1825.88
-1825.23
-1825.19
-1826.19
-1825.45
-1825.72
-1826.09
-1826.06
-1825.38
-1825.28
-1825.65
-1826.16
-1825.8
-1826.12
-1826.06
-1825.86
-1826.12
-1826.16
-1825.79
-1825.42
-1825.4
-1826.32
-1825.16
-1825.46
-1826.45
-1825.72
-1826.01
-1826.31
-1824.54
-1826.12
-1825.69
-1825.66
-1826.37
-1825.47
-1825.34
-1825.71
-1824.93
-1825.96
-1826.76
-1825.97
-1826.05
-1826.25
-1824.66
-1824.5
-1825.74
-1825.78
-1825.88
-1825.74
-1825.62
-1825.47
-1825.9
-1825.05
-1825.83
-1825.89
-1824.94
-1825.73
-1825.75
-1826.13
-1825.43
-1825.09
-1825.08
-1826.33
-1826.51
-1824.98
-1825.32
-1825.81
-1825.15
-1825.64
-1825.63
-1825.78
-1825.65
-1826.15
-1825.33
-1826.37
-1825.97
-1825.81
-1822.7
-1826
-1825.71
-1825.4
-1825.97
-1825.79
-1825.9
-1826.04
-1825.06
-1825.04
-1825.74
-1825.22
-1825.43
-1826.86
-1825.79
-1826.37
-1826.43
-1825.72
-1825.38
-1825.59
-1824.95
-1825.79
-1825.55
-1826.34
-1825.75
-1826.02
-1825.82
-1825.47
-1824.96
-1825.95
-1826.2
-1826.48
-1826.23
-1825.98
-1825.76
-1825.33
-1825.57
-1825.56
-1825.6
-1825.47
-1826.73
-1825.15
-1825.66
-1826.17
-1825.66
-1825.15
-1826.19
-1826.33
-1826.25
-1826.31
-1825.55
-1825.53
-1826.22
-1825.78
-1824.86
-1825.17
-1825.54
-1825.99
-1825.51
-1826.03
-1826.21
-1825.16
-1825.92
-1825.39
-1825.19
-1825.12
-1824.92
-1825.17
-1825.5
-1824.94
-1825.23
-1825.06
-1825.37
-1825.64
-1826.09
-1825.32
-1826.07
-1827.14
-1825.42
-1825.5
-1825.04
-1825.93
-1825.68
-1825.57
-1825.6
-1825.85
-1825.68
-1825.86
-1825.8
-1825.35
-1825.31
-1825.71
-1825.57
-1825.91
-1825.66
-1825.95
-1826.39
-1825.44
-1826.08
-1825.58
-1826.03
-1826.42
-1826.14
-1825.09
-1824.7
-1825.61
-1825.08
-1824.47
-1825.03
-1825.15
-1825.85
-1825.66
-1826.28
-1826.07
-1825.44
-1824.06
-1825.88
-1825.44
-1826.48
-1825.11
-1825.67
-1825.42
-1825.98
-1825.19
-1826.44
-1825.89
-1825.93
-1825.3
-1825.41
-1825.43
-1825.77
-1825.26
-1826.33
-1825.35
-1826.05
-1825.86
-1824.72
-1826.11
-1825.82
-1825.36
-1825.1
-1825.54
-1825.26
-1825.75
-1825.32
-1825.98
-1825.61
-1825.93
-1826.13
-1826.38
-1825.37
-1825.29
-1825.35
-1826.19
-1825.71
-1824.44
-1826.12
-1826.04
-1825.41
-1825.32
-1825.5
-1826.39
-1826.42
-1825.45
-1826.55
-1825.14
-1825.81
-1825.89
-1826.07
-1825.51
-1826.18
-1825.63
-1825.92
-1825.75
-1825.4
-1825.98
-1825.9
-1826.62
-1825.78
-1826.06
-1820.59
-1826.01
-1825.16
-1826.24
-1826.4
-1825.71
-1825.85
-1826.16
-1826.32
-1826.46
-1826.14
-1825.93
-1825.9
-1825.9
-1825.88
-1826.49
-1826.21
-1825.75
-1826.02
-1823.23
-1825.94
-1825.93
-1825.87
-1826.34
-1825.31
-1826.2
-1825.85
-1825.74
-1826.13
-1825.66
-1825.63
-1825.51
-1826.09
-1825.85
-1824.51
-1826.12
-1825.97
-1824.94
-1825.98
-1825.66
-1825.68
-1826.27
-1826.33
-1826.25
-1825.91
-1825.48
-1825.45
-1826.17
-1824.75
-1825.72
-1825.5
-1826.74
-1825.42
-1825.95
-1824.98
-1825.95
-1825.92
-1825.38
-1825.26
-1825.34
-1825.08
-1826.12
-1825.81
-1825.11
-1825.82
-1826.84
-1825.47
-1825.86
-1826.45
-1825.3
-1825.8
-1825.87
-1826.15
-1826.22
-1825.48
-1825.77
-1826.39
-1825.48
-1825.86
-1825.78
-1825.52
-1825.99
-1826.59
-1826.3
-1826.18
-1826.47
-1825.5
-1825.43
-1825.61
-1825.82
-1826.51
-1825.47
-1825.95
-1825.95
-1824.51
-1825.58
-1826.19
-1825.69
-1825.27
-1825.96
-1825.6
-1826.31
-1826.53
-1825.26
-1826.73
-1825.6
-1826.05
-1826.16
-1825.94
-1826.57
-1826.72
-1826.11
-1825.4
-1825.21
-1826
-1826.15
-1826.07
-1825.66
-1825.62
-1826.01
-1825.55
-1825.85
-1826.34
-1824.86
-1826.24
-1826.49
-1826.13
-1826.22
-1825.62
-1826.08
-1826.56
-1825.84
-1823.16
-1825.98
-1826.24
-1826.2
-1826.33
-1826.39
-1826.29
-1825.25
-1825.41
-1825.58
-1826.89
-1825.68
-1825.82
-1826.08
-1826.57
-1826.18
-1825.22
-1825.41
-1825.58
-1826.07
-1825.92
-1825.07
-1826.29
-1825.31
-1825.84
-1825.71
-1825.58
-1825.58
-1826.4
-1826.21
-1825.57
-1826.35
-1825.77
-1825.35
-1826.08
-1825.88
-1826.04
-1825.63
-1825.91
-1826.06
-1826.7
-1825.53
-1824.72
-1826.39
-1826.6
-1825.73
-1825.24
-1825.76
-1825.3
-1826.34
-1825.83
-1825.98
-1825.61
-1825.62
-1826.46
-1825.96
-1825.66
-1825.16
-1825.32
-1825.69
-1825.99
-1826.64
-1825.97
-1826.13
-1825.45
-1825.64
-1825.63
-1826
-1825.69
-1824.89
-1825.7
-1824.85
-1826.1
-1826.28
-1826.15
-1824.95
-1825.82
-1826.48
-1825.99
-1825.98
-1825.95
-1826.15
-1825.15
-1825.26
-1826.23
-1825.92
-1826.19
-1825.24
-1825.32
-1825.04
-1826.14
-1825.98
-1825.85
-1825.69
-1826.06
-1825.55
-1825.6
-1825.74
-1825.73
-1826.17
-1825.43
-1826.2
-1825.83
-1825.92
-1825.68
-1825.28
-1825.94
-1825.7
-1825.59
-1826.99
-1825.8
-1826.4
-1825.7
-1825.9
-1824.79
-1825.25
-1826.25
-1824.84
-1825.19
-1824.86
-1821.07
-1826.15
-1825.43
-1825.74
-1825.73
-1826.58
-1825.39
-1825.77
-1826.58
-1825.8
-1826.22
-1825.23
-1824.67
-1825.58
-1825.93
-1826.38
-1826.13
-1825.95
-1825.47
-1826.41
-1825.71
-1826
-1825.63
-1825.83
-1825.38
-1826.1
-1825.64
-1825.82
-1826.66
-1824.98
-1826.2
-1825.36
-1826.04
-1825.73
-1825.6
-1825.07
-1825.03
-1826.59
-1825.92
-1825.39
-1825.5
-1826.33
-1826.25
-1826.5
-1826.37
-1825.94
-1826.13
-1825.64
-1826.51
-1826.21
-1825.31
-1826.03
-1825.24
-1825.82
-1826.12
-1826.13
-1825.34
-1825.84
-1825.55
-1826.57
-1825.54
-1825.83
-1825.52
-1825.65
-1825.92
-1825.45
-1825.44
-1825.57
-1825.45
-1826.41
-1826.3
-1826.34
-1825.87
-1825.44
-1825.96
-1826.02
-1825.22
-1826.49
-1825.73
-1826.02
-1826.31
-1825.99
-1825.8
-1822.63
-1825.84
-1825.98
-1826.39
-1825.45
-1826.25
-1826.44
-1825.93
-1825.17
-1826.12
-1825.86
-1825.39
-1826.16
-1826.06
-1825.25
-1825.59
-1826.41
-1826.29
-1826.06
-1825.8
-1827.01
-1826.4
-1825.23
-1825.85
-1826.03
-1825.26
-1825.45
-1825.35
-1825.53
-1825.57
-1826.31
-1826.18
-1826.21
-1825.63
-1825.37
-1826.08
-1826.15
-1825.97
-1825.71
-1826.01
-1825.83
-1825.36
-1825.73
-1825.65
-1826.58
-1825.81
-1825.67
-1826.26
-1825.59
-1826.34
-1826.08
-1826.11
-1825.35
-1825.1
-1826.41
-1826.21
-1826.51
-1826.63
-1824.87
-1826.05
-1826.27
-1825.51
-1826.04
-1825.9
-1826.45
-1826.26
-1825.31
-1826.44
-1826.1
-1825.55
-1826.05
-1825.72
-1826.48
-1825.85
-1826.26
-1825.53
-1825.84
-1825.8
-1826.56
-1826.19
-1825.26
-1826.17
-1826.57
-1826.11
-1825.62
-1826.25
-1826.23
-1825.87
-1825.52
-1825.89
-1825.74
-1825.45
-1826.04
-1825.9
-1826.82
-1826.31
-1825.83
-1825.97
-1825.96
-1826.38
-1826.09
-1825.9
-1825.77
-1825.69
-1825.7
-1826.21
-1825.73
-1826.08
-1826.4
-1826.26
-1826.83
-1826.03
-1825.61
-1825.92
-1825.56
-1826.35
-1825.81
-1826.15
-1825.45
-1826.44
-1824.8
-1826.7
-1825.91
-1826.33
-1825.39
-1825.22
-1825.48
-1825.59
-1826.18
-1826.21
-1825.85
-1825.82
-1825.06
-1826.2
-1825.92
-1826.37
-1826.18
-1826.26
-1825.71
-1826.7
-1826.04
-1825.89
-1825.62
-1825.77
-1825.67
-1826.24
-1826.12
-1825.86
-1826.46
-1821.43
-1826.14
-1826.5
-1826.23
-1826.68
-1825.68
-1826.19
-1825.57
-1826.9
-1825.62
-1826.21
-1825.08
-1825.66
-1825.67
-1825.64
-1826.02
-1826.14
-1825.74
-1825.99
-1826.59
-1825.77
-1826.53
-1826.47
-1826.03
-1825.7
-1826.86
-1825.99
-1826.03
-1826.54
-1826.09
-1826.37
-1825.91
-1826.37
-1826.37
-1826.19
-1826.33
-1825.83
-1825.92
-1826.22
-1826.73
-1825.87
-1825.67
-1826.46
-1825.66
-1825.39
-1826.05
-1826.34
-1825.86
-1826.07
-1825.41
-1825.38
-1825.67
-1826.55
-1826.43
-1825.58
-1826.36
-1825.78
-1825.93
-1825.07
-1826.24
-1825.58
-1825.65
-1826.69
-1825.72
-1826.05
-1821.94
-1825.71
-1825.92
-1825.38
-1826.15
-1825.64
-1825.97
-1825.85
-1826.41
-1825.82
-1822.51
-1825.48
-1826.87
-1826.23
-1826.32
-1826.09
-1826.4
-1826.03
-1824.91
-1826.15
-1826.03
-1825.91
-1826.21
-1825.72
-1826.06
-1826.39
-1825.94
-1825.79
-1825.99
-1824.36
-1825.94
-1826.43
-1825.74
-1825.76
-1826.35
-1826.39
-1826.33
-1826.41
-1825.8
-1825.43
-1826.24
-1825.77
-1825.62
-1825.46
-1826.28
-1826.34
-1825.81
-1826.43
-1825.47
-1826.46
-1825.86
-1825.36
-1826.28
-1826.24
-1825.79
-1825.02
-1826.48
-1825.56
-1826.2
-1826.25
-1817.86
-1825.96
-1825.66
-1826.24
-1820.78
-1825.43
-1825.42
-1825.34
-1825.99
-1825.77
-1825.95
-1825.69
-1826.13
-1825.61
-1825.78
-1826.2
-1826.06
-1826.39
-1825.97
-1825.88
-1826.1
-1825.87
-1826.45
-1826.23
-1826.28
-1826.02
-1825.75
-1826.05
-1825.89
-1826.21
-1826.42
-1826.16
-1826.49
-1824.92
-1826.15
-1826.3
-1825.54
-1825.96
-1826.01
-1826.09
-1826.64
-1826.09
-1825.95
-1825.78
-1825.88
-1826.48
-1825.61
-1825.84
-1826.44
-1826.51
-1826.17
-1825.96
-1825.13
-1825.33
-1826.06
-1825.77
-1826.07
-1826.69
-1826.47
-1826.4
-1826.45
-1824.41
-1825.51
-1826.76
-1825.5
-1825.98
-1825.86
-1826.32
-1824.03
-1825.78
-1826.21
-1825.59
-1824.69
-1825.97
-1826.95
-1826.43
-1825.73
-1826.32
-1826.39
-1826.33
-1825.37
-1825.8
-1825.62
-1826.34
-1825.58
-1825.56
-1825.38
-1825.99
-1825.37
-1825.84
-1825.87
-1826.4
-1825.57
-1825.63
-1825.97
-1825.12
-1825.89
-1825.21
-1825.36
-1825.5
-1826.13
-1826.34
-1826.16
-1826.12
-1826.08
-1826.33
-1825.56
-1825.83
-1826.75
-1826.35
-1826.7
-1826.25
-1825.82
-1826.19
-1826.21
-1826.18
-1826.34
-1826.52
-1825.85
-1825.59
-1825.72
-1825.55
-1825.05
-1825.84
-1826.23
-1825.27
-1826.25
-1826.54
-1825.97
-1825.6
-1825.64
-1825.85
-1826.2
-1825.89
-1826.42
-1826.31
-1825.81
-1826.58
-1825.69
-1825.69
-1826.54
-1826.41
-1825.99
-1825.35
-1826.05
-1825.69
-1826.88
-1826.28
-1826.15
-1825.52
-1826.32
-1826.23
-1820.46
-1825.45
-1825.75
-1826.2
-1825.4
-1825.22
-1826.08
-1825.18
-1825.35
-1825.44
-1825.97
-1826.85
-1826.86
-1825.63
-1825.67
-1826.37
-1825.4
-1825.71
-1825.69
-1825.71
-1825.06
-1825.8
-1826
-1826.23
-1826.13
-1825.79
-1825.49
-1826.58
-1825.67
-1821.11
-1825.72
-1826.54
-1826.2
-1826.13
-1826.13
-1825.59
-1826.52
-1826.06
-1826.17
-1826.55
-1826.32
-1826.55
-1825.93
-1825.76
-1825.62
-1826.09
-1826.47
-1826.33
-1825.62
-1826.27
-1826.91
-1826.01
-1826
-1826.38
-1825.51
-1826.05
-1826.43
-1826.15
-1825.76
-1826.56
-1826.02
-1826.3
-1825.74
-1825.8
-1825.09
-1826.62
-1826.51
-1825.85
-1827.13
-1826.04
-1826.24
-1826.4
-1826.09
-1825.39
-1826.11
-1826.29
-1825.94
-1825.94
-1826
-1825.9
-1824.66
-1826.38
-1825.74
-1825.85
-1826.33
-1826.36
-1826.71
-1826.54
-1826.17
-1826.21
-1826.56
-1825.71
-1826.06
-1825.98
-1825.72
-1823.1
-1825.91
-1826.26
-1825.76
-1826.69
-1827.08
-1826.12
-1826.17
-1826.86
-1826.22
-1825.49
-1826.1
-1826.43
-1826.13
-1826.29
-1826.08
-1826.32
-1826.39
-1825.95
-1825.48
-1826.69
-1825.9
-1826.34
-1826.18
-1827.15
-1825.63
-1826.84
-1825.66
-1826.6
-1826.44
-1826.48
-1822.73
-1826.07
-1825.76
-1826.25
-1825.92
-1826.4
-1826.31
-1825.57
-1826.58
-1826.38
-1826.98
-1825.92
-1825.12
-1823.95
-1826.03
-1825.93
-1826.13
-1826.08
-1826.03
-1825.03
-1826.01
-1826
-1826.09
-1825.99
-1826.84
-1825.75
-1826.37
-1825.97
-1824.58
-1825.93
-1826.23
-1825.77
-1827.11
-1825.77
-1825.62
-1825.82
-1826.25
-1825.83
-1826.66
-1825.54
-1825.63
-1825.45
-1825.19
-1826.29
-1825.73
-1826.28
-1825.97
-1825.29
-1825.45
-1825.09
-1826.95
-1826.07
-1826.65
-1824.83
-1826.18
-1826.49
-1825.97
-1826.47
-1826.03
-1826.46
-1826.28
-1825.43
-1826.45
-1826.2
-1826.32
-1825.78
-1825.42
-1825.67
-1825.87
-1825.81
-1825.43
-1825.64
-1826.28
-1826.43
-1826.75
-1826.59
-1826.04
-1825.89
-1826.39
-1826.26
-1825.34
-1825.81
-1826.71
-1826.19
-1825.95
-1825.38
-1826.2
-1826.62
-1825.87
-1826.33
-1826.02
-1826.1
-1826.06
-1826.1
-1825.07
-1826.25
-1826.48
-1826.75
-1825.73
-1826.13
-1825.92
-1826.07
-1825.74
-1825.11
-1825.58
-1826.02
-1826.37
-1825.91
-1826.21
-1825.15
-1825.66
-1826.03
-1825.95
-1826.53
-1825.26
-1826.57
-1826.21
-1825.71
-1825.83
-1826.51
-1826.08
-1826.13
-1826.22
-1825.58
-1825.33
-1825.8
-1825.87
-1826.28
-1826.08
-1824.45
-1825.8
-1825.71
-1825.38
-1826.24
-1825.51
-1826.15
-1826.24
-1826.42
-1826.33
-1825.32
-1825.41
-1825.73
-1825.84
-1825.75
-1826.37
-1825.64
-1825.99
-1826.15
-1825.49
-1825.95
-1825.81
-1826.14
-1825.33
-1826.44
-1825.25
-1826.03
-1826.76
-1827.03
-1826.61
-1826.21
-1826.01
-1826.06
-1826.58
-1825.62
-1826.47
-1826.02
-1826.77
-1826.54
-1826.48
-1825.5
-1826.76
-1826.4
-1826.21
-1826.21
-1826.06
-1826.39
-1825.86
-1826.3
-1826.54
-1826.09
-1826.3
-1825.35
-1826.51
-1826.5
-1824.87
-1826.51
-1825.96
-1826.27
-1825.81
-1826.26
-1825.29
-1826.14
-1825.74
-1826.06
-1826.08
-1825.6
-1825.93
-1826.46
-1825.99
-1825.46
-1826.4
-1826.52
-1825.33
-1826.82
-1826.31
-1826.56
-1826.35
-1825.66
-1826.05
-1823.87
-1826.93
-1826.63
-1826.4
-1826.86
-1825.72
-1826.14
-1826.42
-1826.01
-1826.4
-1826.48
-1825.41
-1826.88
-1826.29
-1826.11
-1826.37
-1826.15
-1825.69
-1826.4
-1826.51
-1824.86
-1825.97
-1826.42
-1825.75
-1825.98
-1826.72
-1826.14
-1826.08
-1826.14
-1826.34
-1827.45
-1826.47
-1826.07
-1826.7
-1826.28
-1825.04
-1826.38
-1826.61
-1825.9
-1826.23
-1825.77
-1826.14
-1825.73
-1825.7
-1825.53
-1825.7
-1825.89
-1826.14
-1826.15
-1826.32
-1825.69
-1825.92
-1826.07
-1825.61
-1826.31
-1826.74
-1825.99
-1825.58
-1826.28
-1825.75
-1826.52
-1826.84
-1825.19
-1826.49
-1826.36
-1826.26
-1826.61
-1826.55
-1827.04
-1826.06
-1826.78
-1825.29
-1825.19
-1825.96
-1826.76
-1825.35
-1826.44
-1826.51
-1825.96
-1826.43
-1826.47
-1825.85
-1825.87
-1825.81
-1826.17
-1825.85
-1825.65
-1825.97
-1826.01
-1826.26
-1826.82
-1825.9
-1826.19
-1825.96
-1823.72
-1826.63
-1825.65
-1826.48
-1826.1
-1826.34
-1826.08
-1825.8
-1827.17
-1825.3
-1825.42
-1826
-1826.11
-1826.33
-1827.68
-1825.69
-1826.33
-1826.19
-1825.73
-1825.76
-1826.12
-1825.99
-1826.21
-1826.8
-1826.46
-1825.75
-1825.79
-1826.96
-1826.15
-1826.45
-1825.84
-1826.07
-1826.31
-1825.78
-1827.12
-1826.04
-1825.8
-1826.97
-1826.46
-1826.71
-1825.95
-1826.28
-1825.47
-1826.05
-1826.26
-1825.43
-1826.37
-1826.32
-1826.53
-1827.29
-1825.8
-1826.49
-1826.47
-1826.49
-1826.05
-1826.66
-1825.79
-1826.9
-1825.63
-1826.24
-1826.62
-1826.06
-1826.33
-1826.28
-1826.13
-1826.38
-1826.53
-1825.92
-1825.92
-1826.28
-1826.58
-1826.23
-1826.19
-1826.11
-1826.38
-1826
-1826.32
-1826.58
-1826.35
-1825.99
-1825.47
-1826.36
-1826.95
-1826.13
-1825.35
-1826.03
-1826.33
-1825.79
-1825.84
-1826.04
-1826.17
-1825.83
-1826.64
-1824.31
-1826.74
-1826.32
-1826.48
-1826
-1826.22
-1826.3
-1826.08
-1826.23
-1825.67
-1825.74
-1826.31
-1826.24
-1826.27
-1826.48
-1825.37
-1826.1
-1826.31
-1825.86
-1826.49
-1826.36
-1825.6
-1826.32
-1825.67
-1826.2
-1825.48
-1826.48
-1825.57
-1826.11
-1825.99
-1826.88
-1826.06
-1825.86
-1826.35
-1825.96
-1826.72
-1826.29
-1826.9
-1826.48
-1826.78
-1826.18
-1826.57
-1826.31
-1826.31
-1826.79
-1826.75
-1826.23
-1825.77
-1825.87
-1826.47
-1825.38
-1826.69
-1826.63
-1826.59
-1826.46
-1826.11
-1826.26
-1826.58
-1821.18
-1826.53
-1825.84
-1826.97
-1824.89
-1826.16
-1826.64
-1826.51
-1826.34
-1825.99
-1825.96
-1827
-1825.34
-1826.1
-1826.38
-1826.18
-1826.25
-1825.88
-1826.22
-1826.15
-1826.3
-1826.71
-1826.3
-1826.41
-1825.95
-1826.17
-1825.81
-1825.83
-1826.48
-1826.96
-1826.44
-1826.6
-1825.35
-1826.25
-1825.81
-1826.96
-1825.79
-1825.7
-1825.46
-1826.32
-1826.07
-1826.54
-1826.79
-1827.03
-1825.27
-1826.53
-1825.67
-1826.1
-1826.28
-1825.62
-1826.17
-1826.29
-1825.76
-1826.04
-1826.23
-1826.52
-1826.2
-1826.76
-1826.25
-1825.77
-1825.97
-1825.88
-1826.06
-1826.25
-1826.46
-1826.06
-1826.59
-1826.68
-1825.96
-1826.16
-1825.9
-1826.48
-1826.3
-1826.32
-1826.23
-1825.67
-1825.94
-1826.9
-1826.79
-1826.42
-1826.18
-1826.47
-1825.71
-1826.95
-1826.55
-1826.24
-1827.07
-1826.05
-1825.47
-1826.23
-1826.55
-1826.49
-1826.64
-1825.59
-1825.84
-1827.51
-1825.68
-1825.89
-1825.66
-1826.54
-1826.34
-1826.7
-1825.65
-1825.28
-1826.28
-1826.06
-1826.04
-1826.14
-1826.12
-1826.42
-1826.16
-1825.85
-1826.68
-1826.68
-1826.89
-1826.87
-1826.33
-1826.46
-1826.21
-1825.63
-1826.04
-1826.97
-1826.47
-1824.73
-1825.99
-1826.8
-1825.98
-1825.84
-1826.48
-1825.65
-1825.92
-1825.69
-1825.97
-1826.12
-1826.64
-1826.36
-1825.64
-1826.82
-1825.98
-1825.4
-1826.33
-1826.38
-1825.85
-1826.32
-1826.1
-1826.34
-1825.49
-1826.51
-1826.73
-1827.18
-1826.21
-1826.07
-1825.16
-1826.54
-1824.95
-1826.24
-1824.9
-1826.39
-1826.86
-1826.79
-1824.92
-1826.07
-1826.53
-1825.53
-1826.3
-1825.97
-1826.46
-1825.92
-1826.33
-1826.95
-1826.47
-1826.24
-1826.14
-1826.95
-1825.99
-1825.93
-1825.56
-1826.13
-1825.22
-1826.5
-1825.14
-1825.91
-1826.23
-1826.03
-1826.75
-1825.72
-1826.7
-1826.56
-1824.47
-1826.62
-1826.31
-1826.53
-1826.61
-1826.35
-1826.36
-1825.91
-1826.27
-1825.79
-1826.18
-1826.36
-1825.93
-1826.67
-1826.67
-1826.46
-1825.87
-1826.44
-1826.7
-1826.08
-1825.99
-1826.04
-1826.61
-1825.98
-1827.06
-1827
-1826.06
-1825.68
-1826.59
-1826.15
-1826.28
-1826.15
-1826.49
-1826.05
-1826.95
-1825.59
-1826.5
-1826.21
-1825.7
-1826.16
-1825.99
-1825.98
-1825.46
-1826.07
-1826.37
-1825.66
-1826.68
-1826.56
-1826.36
-1826.31
-1826.67
-1825.89
-1825.77
-1825.94
-1825.83
-1826.03
-1826.72
-1826.39
-1826.34
-1826.24
-1825.63
-1826.37
-1826.38
-1825.94
-1826.66
-1826.21
-1826.61
-1825.93
-1826.12
-1825.8
-1826.08
-1826.1
-1826.67
-1826.5
-1827.12
-1826.14
-1826.37
-1826.17
-1827.12
-1826.57
-1826.73
-1826.42
-1825.51
-1826.19
-1825.7
-1826.31
-1825.94
-1826.66
-1825.7
-1825.8
-1826.6
-1825.68
-1826.2
-1826.36
-1826.63
-1825.86
-1826.22
-1826.03
-1827.22
-1826.24
-1826.35
-1826.61
-1826.94
-1826.81
-1825.86
-1826.28
-1826.36
-1826.61
-1826.09
-1826.32
-1825.86
-1826.39
-1826.1
-1825.95
-1826.09
-1821.59
-1826.28
-1826.93
-1826.16
-1826.44
-1826.34
-1825.94
-1825.44
-1826.62
-1826.31
-1826.03
-1826.31
-1826.61
-1826.59
-1826.77
-1826.14
-1827.05
-1826.08
-1826.51
-1826.53
-1825.89
-1826.88
-1825.91
-1826.33
-1825.81
-1826.8
-1826.73
-1825.59
-1825.56
-1826.07
-1826.67
-1826.73
-1826.49
-1826.81
-1825.77
-1826.57
-1825.88
-1825.74
-1825.43
-1826.34
-1825.88
-1826.06
-1826.3
-1826.23
-1826.14
-1826.57
-1825.75
-1825.51
-1826.01
-1826.59
-1826.55
-1826.66
-1826.28
-1826.1
-1826.44
-1826
-1825.57
-1825.79
-1825.84
-1826.48
-1826.77
-1826.19
-1826.81
-1825.99
-1826.5
-1826.84
-1825.99
-1825.89
-1825.83
-1825.96
-1827.04
-1826.23
-1826.44
-1825.86
-1826.05
-1826.4
-1826.05
-1826.68
-1826.03
-1825.82
-1826.5
-1826.29
-1825.87
-1826.47
-1826.92
-1826.19
-1825.86
-1823.21
-1826.33
-1826.35
-1826.7
-1826.29
-1825.97
-1826.33
-1825.69
-1825.77
-1826.33
-1825.8
-1825.28
-1826.52
-1825.65
-1826.78
-1825.87
-1826.02
-1826.34
-1825.3
-1825.74
-1826.31
-1824.52
-1826.01
-1826.61
-1826.24
-1826.4
-1826.07
-1825.91
-1825.47
-1825.96
-1826.35
-1826.2
-1826.68
-1825.8
-1826.8
-1827.11
-1826.84
-1826.25
-1825.99
-1826.2
-1826.04
-1826.36
-1825.63
-1826.13
-1826.05
-1826.63
-1825.69
-1825.03
-1826.6
-1826.25
-1826.41
-1826.27
-1826.11
-1826.17
-1825.85
-1826.44
-1826.4
-1825.84
-1826.74
-1826.36
-1825.69
-1826.96
-1827.11
-1825.92
-1826.38
-1826.63
-1826.9
-1824.84
-1826.2
-1825.3
-1826.26
-1826.47
-1825.99
-1826.6
-1826.26
-1826.97
-1825.49
-1826.19
-1826.34
-1825.59
-1824.42
-1826.71
-1826.48
-1826.18
-1826.46
-1826.79
-1825.59
-1825.68
-1826.62
-1825.94
-1826.56
-1823.76
-1826.52
-1825.58
-1826.03
-1826.53
-1826.85
-1826
-1827.03
-1826.7
-1826.11
-1826.77
-1825.94
-1826.33
-1826.29
-1826.45
-1826.64
-1826.52
-1826.37
-1826.1
-1825.95
-1826.51
-1826.74
-1826.81
-1826.58
-1825.68
-1826.33
-1826.14
-1825.98
-1825.59
-1826.68
-1826.49
-1826.88
-1825.92
-1826.7
-1826.34
-1826.33
-1826.29
-1826.08
-1826.39
-1826.26
-1826.01
-1826.78
-1827.08
-1826.02
-1825.87
-1826.43
-1826.5
-1826.58
-1826.46
-1826.73
-1825.52
-1825.93
-1825.87
-1825.81
-1826.48
-1826.7
-1826.09
-1826.49
-1826.43
-1826.51
-1826.59
-1826.45
-1826.07
-1826.76
-1826.82
-1826.81
-1826.15
-1826
-1826.68
-1826.58
-1826.61
-1826.8
-1826.44
-1826.1
-1825.12
-1825.58
-1825.98
-1826.46
-1826.13
-1826.18
-1826.54
-1826.28
-1826.14
-1826.09
-1825.96
-1826.18
-1825.57
-1826.16
-1826.46
-1826.36
-1826.31
-1826.3
-1826.42
-1826.71
-1826.06
-1826.65
-1826.2
-1826.64
-1825.79
-1826.81
-1826.47
-1826.02
-1826.77
-1826.31
-1826.79
-1826.29
-1826.29
-1826.65
-1825.84
-1826.16
-1826.3
-1826.42
-1827.21
-1826.18
-1826.68
-1826.4
-1827.36
-1825.6
-1826.71
-1826.08
-1826.09
-1825.68
-1826.03
-1826.72
-1826.91
-1827.06
-1826.07
-1826.38
-1826.51
-1825.72
-1826.06
-1826.38
-1826.56
-1824.86
-1826.49
-1826.55
-1826.1
-1826.42
-1826.35
-1825.92
-1826.79
-1826.79
-1826.26
-1826.53
-1826.23
-1826.7
-1826.42
-1826.37
-1825.96
-1825.94
-1826.51
-1826.45
-1826.88
-1826.57
-1825.71
-1826.04
-1826.57
-1826.26
-1826.79
-1826.01
-1826.14
-1826.53
-1826.48
-1826.48
-1826.03
-1825.79
-1826.36
-1826.31
-1826
-1826.51
-1825.61
-1825.98
-1825.9
-1825.56
-1826.44
-1826.53
-1827.12
-1826.81
-1826.32
-1826.36
-1826.24
-1826.03
-1826.97
-1826.63
-1826.06
-1826.43
-1826.17
-1826.32
-1826.15
-1826.39
-1826.13
-1826.66
-1824.92
-1825.94
-1826.38
-1826.21
-1826.67
-1826.12
-1825.69
-1827.22
-1826.58
-1825.89
-1826.48
-1826.42
-1826.43
-1826.71
-1825.95
-1826.34
-1825.98
-1826.51
-1826.56
-1825.61
-1825.86
-1826.7
-1826.25
-1826.18
-1826.24
-1826.04
-1826.19
-1826.13
-1826.39
-1825.8
-1826.12
-1826.54
-1826.19
-1826.68
-1826.42
-1826.18
-1825.85
-1826.75
-1826.49
-1826.21
-1826.52
-1826.47
-1826.36
-1823
-1825.92
-1826.95
-1827.14
-1825.92
-1826.13
-1825.88
-1825.86
-1825.96
-1826.5
-1825.55
-1826.67
-1826.85
-1827.19
-1826.45
-1821.89
-1826.47
-1825.91
-1826.56
-1825.88
-1826.58
-1826.73
-1826.85
-1826.65
-1825.68
-1825.94
-1826.02
-1826.38
-1826.3
-1826.19
-1825.72
-1826.66
-1826.25
-1826.8
-1826.12
-1826.33
-1825.89
-1826.28
-1825.95
-1826.57
-1825.85
-1826.27
-1826.82
-1827.03
-1826.33
-1826.29
-1825.46
-1825.15
-1824.19
-1825.77
-1826.47
-1825.76
-1827.02
-1825.95
-1826.45
-1826.75
-1826.54
-1826.25
-1825.86
-1826.49
-1825.9
-1826.12
-1825.89
-1825.17
-1826.28
-1826.8
-1826.2
-1825.62
-1826.43
-1826.32
-1826.29
-1826.99
-1825.5
-1825.74
-1826.67
-1826.69
-1825.72
-1826.89
-1826.39
-1826.17
-1826.12
-1825.73
-1827.05
-1825.29
-1826.58
-1825.82
-1826.41
-1825.97
-1826.39
-1826.51
-1825.67
-1826.09
-1826.14
-1826.63
-1825.57
-1826.55
-1825.91
-1826.43
-1826.54
-1826.26
-1826.34
-1826.56
-1826.39
-1826.67
-1826.02
-1826.71
-1826.64
-1826.29
-1826.07
-1826.57
-1826.93
-1826.64
-1826.87
-1825.42
-1827.1
-1826.44
-1826.19
-1825.6
-1826.7
-1826.71
-1826.85
-1826.63
-1826.16
-1827.16
-1826.34
-1825.74
-1827.07
-1826.23
-1825.61
-1826.28
-1826.8
-1826.42
-1826.4
-1825.42
-1826.07
-1826.52
-1826.09
-1826.05
-1825.81
-1821.64
-1826.22
-1826.41
-1825.99
-1826.78
-1826.47
-1826.34
-1826.95
-1826.63
-1826.66
-1827.15
-1825.71
-1826.17
-1826.06
-1826.32
-1826.54
-1826.22
-1826.36
-1825.97
-1826.15
-1826.91
-1826
-1826.63
-1826.15
-1825.73
-1826.73
-1826.91
-1826.49
-1825.65
-1826.79
-1825.55
-1826.85
-1826.35
-1825.83
-1825.93
-1825.91
-1825.56
-1825.82
-1826.26
-1826.45
-1826.34
-1826.78
-1826.53
-1825.89
-1825.99
-1826.29
-1826.45
-1826.88
-1827.01
-1826.55
-1826.53
-1826.24
-1826.25
-1826.2
-1826.27
-1826.13
-1826.86
-1826.31
-1826.11
-1826.36
-1826.81
-1826.19
-1826.02
-1826.51
-1825.56
-1826.18
-1826.56
-1826.17
-1826.12
-1826.13
-1826.07
-1826.95
-1825.93
-1826.52
-1825.92
-1825.82
-1826.26
-1826.14
-1825.88
-1826.53
-1826.55
-1826.84
-1826.09
-1825.66
-1826.78
-1826.63
-1825.73
-1825.64
-1826.59
-1827.02
-1826.55
-1826.37
-1825.73
-1826.03
-1826.72
-1826.14
-1826.7
-1826.59
-1826.75
-1826.58
-1825.97
-1826.19
-1826.28
-1825.87
-1826.71
-1826.34
-1826.6
-1826.25
-1826.2
-1826.95
-1827.06
-1826.02
-1826.24
-1826.36
-1827.13
-1826.42
-1826.53
-1826.64
-1826.49
-1826.23
-1825.54
-1826.68
-1826.58
-1826.65
-1826.42
-1826.62
-1826.76
-1826.35
-1826.81
-1825.75
-1826.24
-1826.57
-1827.09
-1826.36
-1826.78
-1825.78
-1822.18
-1826.11
-1825.7
-1826.1
-1826.59
-1826.07
-1826.7
-1826.82
-1826.67
-1825.56
-1826.21
-1826.38
-1826.47
-1826.92
-1826.57
-1826.04
-1826.21
-1826.72
-1826.8
-1827.02
-1825.75
-1825.97
-1826.36
-1827.11
-1827.02
-1826.3
-1826.42
-1826.79
-1826.94
-1826.24
-1826.23
-1826.32
-1826.31
-1826.48
-1826.35
-1827.26
-1826.02
-1826.33
-1826.46
-1826.52
-1825.96
-1826.36
-1826.79
-1825.2
-1826.35
-1826.78
-1826.64
-1826.04
-1826.7
-1826.53
-1825.84
-1826.49
-1825.82
-1826.83
-1826.78
-1825.91
-1826.15
-1826.59
-1826.62
-1826.73
-1826.84
-1825.91
-1826.68
-1826.85
-1825.69
-1826.16
-1821.48
-1826.24
-1826.41
-1826.27
-1826.22
-1826.89
-1826.39
-1827.14
-1826.6
-1825.99
-1826.27
-1826.26
-1825.91
-1826.76
-1826.27
-1826.07
-1826.34
-1826.53
-1826.38
-1825.27
-1825.69
-1826.48
-1826.33
-1826.68
-1826.76
-1826.02
-1826.33
-1825.27
-1825.72
-1827.11
-1825.86
-1826.61
-1826.57
-1826.15
-1826.15
-1826.24
-1826.54
-1825.59
-1826.63
-1826.11
-1826.63
-1826.09
-1826.98
-1826.03
-1826.27
-1826.56
-1826.18
-1826.37
-1825.92
-1825.78
-1826.58
-1826.51
-1826.16
-1823.59
-1826.09
-1826.14
-1826.49
-1827.02
-1826.43
-1825.87
-1826.57
-1825.56
-1825.81
-1826.5
-1826.08
-1826.35
-1825.82
-1826.71
-1826.16
-1826.77
-1826.64
-1826.27
-1826.54
-1826.51
-1825.78
-1826.06
-1826.17
-1825.92
-1825.79
-1826.73
-1826.45
-1825.89
-1826.05
-1826.4
-1826.42
-1826.83
-1827.02
-1825.67
-1826.14
-1826.75
-1826.62
-1826.48
-1826.71
-1826.56
-1826.63
-1826.55
-1826.4
-1826.07
-1826.4
-1826.84
-1826.42
-1826.29
-1826.23
-1827.06
-1826.19
-1826.48
-1826.37
-1826.14
-1826.25
-1826.43
-1826.63
-1827.43
-1826.51
-1826.44
-1826.77
-1826.36
-1826.35
-1826.7
-1826.92
-1827.07
-1826.47
-1825.83
-1826.41
-1827.05
-1826.2
-1826.12
-1826.94
-1825.33
-1826.7
-1826.36
-1826.18
-1826.14
-1825.91
-1826.91
-1826.5
-1825.78
-1826.22
-1826.17
-1826.61
-1826.32
-1825.94
-1824.98
-1826.52
-1826.69
-1826.15
-1826.94
-1827
-1826.99
-1825.99
-1826.04
-1826.18
-1826.67
-1826.4
-1826.24
-1826.24
-1825.47
-1826.77
-1825.75
-1826.27
-1826.51
-1826.68
-1825.67
-1826.79
-1826.04
-1827.08
-1826.14
-1825.98
-1825.91
-1826.7
-1825.82
-1826.17
-1826.43
-1826.36
-1826.05
-1826.72
-1826.5
-1826.2
-1826.34
-1826.32
-1826.62
-1826.18
-1825.68
-1826.43
-1826.64
-1825.79
-1825.59
-1826.63
-1824.35
-1826.71
-1826.31
-1826.26
-1823.2
-1826.17
-1826.35
-1826.86
-1826.97
-1826.64
-1826.99
-1826.53
-1826.02
-1826.19
-1826.26
-1826.18
-1826.32
-1826.28
-1826.46
-1826.89
-1826.51
-1826.18
-1826.08
-1826.32
-1826
-1826.18
-1826.28
-1826.6
-1826.33
-1824.02
-1826.28
-1826.94
-1826.18
-1825.85
-1826.62
-1826.26
-1826.01
-1826.36
-1826.58
-1826.37
-1826.52
-1826.34
-1826.32
-1826.65
-1826.5
-1826.33
-1827.03
-1826.74
-1825.52
-1826.52
-1826.14
-1826.62
-1826.08
-1826.28
-1827.09
-1826.59
-1826.77
-1826.04
-1826.18
-1825.75
-1825.93
-1825.82
-1826.67
-1826.15
-1826.49
-1826.77
-1826.71
-1826.47
-1826.05
-1826.61
-1825.04
-1826.5
-1826.98
-1826.22
-1826.39
-1826.5
-1826.45
-1826.05
-1827.19
-1826.05
-1826.24
-1826.14
-1826.54
-1825.95
-1825.56
-1826.19
-1826.25
-1826.23
-1826.31
-1826.58
-1826.33
-1826.79
-1826.48
-1826.43
-1826.53
-1826.67
-1826.77
-1826.56
-1826.52
-1826.5
-1826.07
-1826.71
-1826.48
-1826.41
-1826.13
-1826.2
-1826.43
-1826.03
-1826.92
-1826.14
-1824.12
-1826.23
-1825.6
-1826.25
-1826.14
-1826.52
-1826.66
-1826.7
-1825.72
-1825.86
-1825.43
-1825.81
-1826.87
-1826.22
-1826.47
-1826.19
-1826.41
-1825.64
-1825.99
-1826.13
-1826.49
-1826.33
-1825.6
-1826.4
-1827.02
-1827.31
-1826.05
-1826.27
-1826.54
-1826.71
-1826.31
-1825.81
-1826.14
-1826.6
-1825.86
-1825.81
-1826.63
-1827.19
-1827.15
-1827.21
-1825.82
-1824.51
-1826.33
-1826.79
-1826.28
-1826.27
-1826.41
-1826.64
-1826.65
-1826.31
-1826.68
-1826.38
-1826.11
-1826.7
-1826.38
-1826.36
-1827.42
-1826.34
-1826.31
-1826.53
-1826.24
-1826.93
-1821.11
-1825.92
-1825.91
-1826.41
-1826.38
-1826.89
-1826.75
-1826.61
-1826.72
-1826.7
-1826.46
-1826.25
-1826.55
-1826.63
-1826.26
-1826.69
-1825.63
-1822.23
-1825.75
-1826.05
-1826.62
-1826.41
-1826.35
-1826.56
-1826.21
-1826.71
-1826.14
-1826.66
-1826.59
-1826.42
-1826.38
-1826.62
-1826.36
-1826.48
-1826.4
-1826.28
-1825.8
-1826.53
-1826.5
-1826.4
-1825.94
-1826.95
-1826.67
-1826.58
-1825.91
-1826.39
-1826.4
-1826.07
-1825.7
-1826.04
-1826.96
-1826.54
-1827.12
-1826.88
-1825.33
-1826.58
-1825.83
-1826.76
-1826.25
-1826.59
-1826.35
-1826.16
-1826.94
-1826.19
-1826.84
-1826.76
-1826.73
-1826.73
-1826.51
-1826.74
-1825.44
-1826.32
-1825.75
-1826.64
-1826.4
-1825.87
-1825.52
-1826.52
-1826.01
-1825.72
-1826.7
-1826.17
-1826.83
-1826.39
-1826.28
-1826.52
-1826.16
-1826.58
-1825.87
-1826.75
-1826.7
-1825.3
-1826.67
-1826.57
-1826.56
-1825.94
-1826.12
-1826.13
-1826.53
-1826.53
-1826.72
-1826.22
-1826.62
-1826.67
-1826.53
-1826.39
-1826.34
-1826.16
-1827.51
-1826.77
-1826.55
-1826.89
-1826.62
-1826.59
-1827.03
-1825.27
-1826.53
-1826.06
-1827.09
-1825.76
-1826.33
-1827.08
-1826.12
-1826.31
-1826.82
-1826.44
-1826.13
-1826.44
-1826.81
-1826.36
-1825.62
-1827.02
-1826.57
-1826.54
-1826.17
-1825.53
-1826.36
-1826.19
-1826.6
-1825.96
-1826.53
-1826.39
-1827.29
-1826.98
-1826.29
-1826.69
-1827.18
-1826.45
-1826.69
-1826.82
-1826.65
-1825.93
-1826.38
-1826.74
-1825.72
-1826.49
-1826.04
-1826.42
-1826.86
-1826.36
-1826.69
-1826.64
-1826.39
-1826.34
-1826.53
-1827.19
-1826.62
-1826.2
-1827.09
-1826.6
-1827.13
-1826.41
-1826.67
-1826.74
-1824.9
-1821.9
-1826.14
-1826.8
-1826.82
-1826.27
-1826.26
-1826.76
-1825.89
-1826.45
-1827.22
-1826.74
-1826.4
-1827.06
-1826.25
-1826.9
-1826.47
-1826.64
-1825.95
-1826.52
-1826.4
-1826.14
-1826.23
-1826.78
-1826.81
-1825.99
-1826.62
-1826.31
-1826.43
-1826.08
-1826.82
-1826.13
-1825.59
-1825.49
-1826.07
-1826.61
-1826.8
-1826.74
-1827.22
-1826
-1826.3
-1826.48
-1826.62
-1826.48
-1826.42
-1825.7
-1826.81
-1826.73
-1826.53
-1826.5
-1826.49
-1827.08
-1826.79
-1825.97
-1826.46
-1827.57
-1827.08
-1825.32
-1826.58
-1826.8
-1826.28
-1826.32
-1826.49
-1826.19
-1826.35
-1826.54
-1826.91
-1826.16
-1827.73
-1826.69
-1827.12
-1826.52
-1825.99
-1826.2
-1826.6
-1826.67
-1826.89
-1826.89
-1826.37
-1826.24
-1826.44
-1827.02
-1827.31
-1826.76
-1825.97
-1826.35
-1826.23
-1826.38
-1826.05
-1825.63
-1826.71
-1826.1
-1827.28
-1827.1
-1826.25
-1826.52
-1826.1
-1826.16
-1826.39
-1826.69
-1825.7
-1826.5
-1826.12
-1826.63
-1826.67
-1826.26
-1826.76
-1826.52
-1826.67
-1826.53
-1826.87
-1826.64
-1825.5
-1826.49
-1826.86
-1825.37
-1826.54
-1826.05
-1826.62
-1826.47
-1826.13
-1825.99
-1826.34
-1826.49
-1826.54
-1826.26
-1826.55
-1826.53
-1826.76
-1826.27
-1826.34
-1826.65
-1827.13
-1826.14
-1826.26
-1826.6
-1827.35
-1826.19
-1826.12
-1826.5
-1827.09
-1826.18
-1825.44
-1826.49
-1826.48
-1826.59
-1826.84
-1826.31
-1826.35
-1826.44
-1826.49
-1825.83
-1826.87
-1826.33
-1826.73
-1826.33
-1825.93
-1826.73
-1826.02
-1826.56
-1826.54
-1826.56
-1825.89
-1826.22
-1826.34
-1826.34
-1826.23
-1825.79
-1826.34
-1826.34
-1825.86
-1826.47
-1826.43
-1826.82
-1825.97
-1826.94
-1825.92
-1826.28
-1826.38
-1826.96
-1826.37
-1826.22
-1826.45
-1827.19
-1826.3
-1826.28
-1826.15
-1827.23
-1826.34
-1825.9
-1826.47
-1825.31
-1826.48
-1825.76
-1825.61
-1826.42
-1825.92
-1826.72
-1826.74
-1825.21
-1826.75
-1825.77
-1825.95
-1826.78
-1826.52
-1826.65
-1826.49
-1825.73
-1826.27
-1826.42
-1826.18
-1825.89
-1826.8
-1826.49
-1826.37
-1825.52
-1826.14
-1827.01
-1826.37
-1826.89
-1826.91
-1826.94
-1826.1
-1826.84
-1826.52
-1826.82
-1826.23
-1826.79
-1826.69
-1826.91
-1826.87
-1826
-1826.82
-1826.82
-1826.58
-1827.2
-1826.67
-1825.33
-1825.67
-1826.86
-1827.12
-1825.87
-1826.66
-1826.84
-1826.29
-1826.87
-1826.94
-1826.42
-1826.53
-1826.9
-1826.44
-1826.19
-1825.95
-1826.81
-1826.4
-1826.19
-1826.16
-1826.94
-1827.06
-1826.71
-1826.66
-1826.96
-1827
-1825.88
-1827.03
-1826.25
-1825.72
-1825.47
-1826.67
-1825.93
-1826.58
-1826
-1826.67
-1826.24
-1827.24
-1826.95
-1826.43
-1825.99
-1826.82
-1826.35
-1826.22
-1826.53
-1826.23
-1826.82
-1827.17
-1826.41
-1826.63
-1826.35
-1826.53
-1826.22
-1826.86
-1826.05
-1825.91
-1825.91
-1826.55
-1826.64
-1826.52
-1827.18
-1826.81
-1826.16
-1826.08
-1826.67
-1825.74
-1826.44
-1826.38
-1827.18
-1826.83
-1826.74
-1826.66
-1826.98
-1826.9
-1826.36
-1827.03
-1826.61
-1826.23
-1826.18
-1826.44
-1826.68
-1825.61
-1826.48
-1826.43
-1826.36
-1825.89
-1826.49
-1826.27
-1826.15
-1826.85
-1826.17
-1827.11
-1826.22
-1826.25
-1826.12
-1826.65
-1826.34
-1826.66
-1826.11
-1826.18
-1826.24
-1821.38
-1826.32
-1826.41
-1826.26
-1826.77
-1826.8
-1827.19
-1826.51
-1827.01
-1826.41
-1826.06
-1826.85
-1826.18
-1826.79
-1826.56
-1825.69
-1825.67
-1826.69
-1826.53
-1826.4
-1826.58
-1827.17
-1825.89
-1826.93
-1826.6
-1827.13
-1827.38
-1825.92
-1826.3
-1827.17
-1826.7
-1826.42
-1826.55
-1826.86
-1826.62
-1826.75
-1826.95
-1826.71
-1827.06
-1825.99
-1826.61
-1826.65
-1827.14
-1826.14
-1826.43
-1826.31
-1826.85
-1827.57
-1826.87
-1826.34
-1826.82
-1827
-1826.16
-1826.54
-1826.7
-1826.31
-1826.62
-1826.61
-1826.1
-1826.73
-1826.3
-1826.82
-1826.81
-1826.07
-1826.76
-1826.75
-1826.7
-1826.15
-1826.71
-1826.65
-1826.43
-1826.64
-1826.49
-1826.59
-1826.63
-1826.24
-1826.39
-1825.66
-1826.6
-1826.79
-1825.7
-1826.06
-1826.76
-1826.61
-1826.86
-1826.35
-1825.78
-1826.48
-1826.63
-1826.36
-1826.82
-1827.15
-1826.73
-1826.24
-1826.34
-1826.8
-1826.71
-1824.89
-1826.15
-1826.52
-1826.48
-1826.54
-1826.69
-1826.74
-1826.32
-1826.87
-1825.94
-1826.66
-1826.4
-1826.36
-1826.2
-1826.28
-1826.04
-1826.18
-1826.77
-1825.93
-1826.24
-1826.24
-1826.84
-1826.53
-1826.11
-1826.44
-1826.19
-1826.54
-1826.51
-1826.35
-1826.94
-1826.7
-1825.97
-1826.26
-1827.24
-1826.34
-1826.83
-1825.9
-1826.55
-1826.48
-1827.19
-1826.95
-1825.8
-1826.37
-1826.54
-1826.59
-1827.09
-1826.42
-1822.64
-1826.83
-1826.49
-1826.78
-1826.23
-1825.83
-1826.28
-1826.84
-1826.58
-1826.66
-1825.79
-1826.38
-1826.77
-1825.6
-1826.83
-1826.52
-1826.71
-1826.87
-1827.2
-1826.49
-1826.64
-1826.75
-1826.37
-1826.22
-1826.11
-1826.37
-1825.84
-1826.36
-1826.88
-1825.9
-1826.77
-1826.21
-1824.79
-1827.01
-1826.34
-1825.79
-1826.39
-1826.7
-1826.53
-1827.17
-1825.8
-1826.41
-1826.35
-1826.62
-1826.48
-1826.77
-1826.27
-1825.91
-1826.22
-1826.48
-1825.7
-1826.82
-1826.77
-1826.21
-1826.62
-1826.86
-1826.28
-1826.65
-1826.09
-1826.84
-1826.21
-1826.32
-1826.43
-1826.42
-1827.04
-1826.24
-1826.2
-1825.54
-1826.72
-1826.52
-1826.32
-1826.56
-1825.97
-1826.33
-1825.92
-1826.93
-1827.38
-1825.79
-1825.43
-1826.69
-1826.48
-1826.96
-1826.16
-1826.75
-1826.23
-1826.82
-1827.01
-1826.54
-1826.6
-1826.26
-1826.35
-1826.47
-1826.55
-1826.93
-1826.5
-1826.81
-1826.8
-1826.34
-1826.23
-1826.36
-1826.13
-1826.02
-1826.04
-1827
-1826.48
-1826.51
-1826.33
-1827.14
-1826.79
-1826.9
-1826.18
-1826.78
-1826.2
-1826.85
-1826.35
-1826.43
-1825.57
-1826.63
-1826.76
-1826.22
-1826.16
-1826.41
-1826.59
-1826.13
-1826.23
-1826.74
-1826.65
-1824.62
-1826.33
-1827.09
-1827.27
-1826.43
-1825.91
-1826.91
-1826.85
-1826.57
-1825.99
-1826.3
-1826.15
-1826.71
-1826.29
-1826.93
-1826.69
-1826.46
-1826.64
-1826.4
-1825.84
-1825.85
-1826.9
-1826.12
-1826.54
-1825.8
-1826.5
-1826.3
-1827.37
-1826.61
-1826.63
-1827.1
-1825.32
-1826.86
-1825.6
-1826.69
-1826.35
-1826.51
-1826.45
-1826.89
-1826.58
-1826.73
-1827.59
-1826.22
-1826.91
-1826.8
-1826.28
-1826.77
-1826.58
-1826.82
-1826.35
-1826.5
-1826.62
-1825.92
-1826.6
-1822.17
-1826.22
-1826.53
-1826.55
-1826.23
-1826.52
-1826.69
-1826.92
-1827.24
-1825.5
-1826.75
-1826.9
-1826.82
-1826.31
-1825.89
-1825.71
-1826.53
-1826.35
-1826.56
-1826.34
-1827.03
-1826.49
-1826.18
-1826.43
-1826.24
-1826.75
-1826.39
-1825.59
-1826.39
-1826.01
-1826.52
-1826.92
-1826.44
-1826.71
-1825.92
-1825.95
-1826.47
-1826.58
-1826.55
-1826.85
-1826.82
-1826.85
-1827.36
-1826.57
-1826.41
-1826.92
-1826.55
-1826.23
-1826.36
-1826.95
-1826.82
-1826.32
-1826.79
-1827.17
-1826.75
-1826.06
-1826.27
-1826.87
-1826.92
-1826.5
-1826.16
-1825.89
-1826.68
-1827.15
-1827.12
-1826.74
-1826.75
-1826.7
-1825.68
-1826.83
-1826.18
-1826.95
-1826.77
-1826.12
-1825.98
-1826.07
-1826.34
-1826.11
-1826.83
-1826.39
-1826.42
-1826.13
-1827.1
-1826.13
-1826.88
-1826.32
-1826.85
-1826.99
-1826.61
-1825.67
-1826.36
-1826.27
-1826.1
-1826.59
-1825.95
-1826.89
-1826.68
-1826.37
-1826.67
-1826.42
-1826.2
-1827.01
-1826.34
-1826.67
-1826.16
-1826.02
-1825.93
-1827.05
-1826.33
-1826.45
-1826.48
-1826.19
-1826.6
-1826.34
-1826.86
-1826.33
-1826.26
-1826.29
-1825.85
-1826.02
-1826.61
-1827.3
-1826.76
-1827.4
-1826.92
-1826.82
-1826.35
-1826.86
-1826.06
-1826.33
-1826.99
-1826.63
-1826.45
-1826.99
-1825.6
-1827.15
-1826.13
-1826.88
-1826.64
-1826.11
-1826.64
-1826.44
-1826.24
-1826.86
-1826.82
-1825.96
-1826.45
-1826.28
-1826.98
-1826.24
-1826.51
-1826.84
-1826.26
-1826
-1825.28
-1826.96
-1826.02
-1826.93
-1826.29
-1826.57
-1826.34
-1825.8
-1826.99
-1826
-1826.59
-1826.27
-1826.54
-1826.82
-1826.48
-1826.43
-1826.53
-1826.34
-1826.71
-1826.59
-1826.77
-1826.35
-1826.34
-1826.35
-1826.66
-1826.4
-1825.42
-1826.61
-1826.4
-1826.28
-1826.43
-1826.55
-1827.11
-1825.71
-1826.48
-1825.9
-1825.98
-1826.66
-1826.86
-1826.88
-1825.65
-1826.56
-1826.19
-1826.23
-1826.52
-1826.27
-1826.31
-1826.54
-1826.84
-1826.44
-1826.48
-1826.13
-1826.58
-1826.2
-1826.06
-1826.6
-1826.28
-1826.96
-1826.88
-1826.31
-1826.24
-1826.18
-1827.13
-1826.67
-1826.5
-1827.06
-1826.98
-1827.16
-1826.29
-1826.75
-1826.6
-1826.73
-1826.29
-1826.4
-1826.06
-1826.23
-1826.26
-1825.67
-1826.47
-1826.77
-1825.88
-1826.04
-1826.56
-1826.27
-1826.32
-1825.73
-1826.12
-1826.72
-1827.24
-1825.94
-1826.94
-1826.05
-1826.46
-1826.22
-1825.93
-1826.89
-1826.9
-1826.45
-1826.29
-1826.48
-1826.91
-1826.12
-1826.52
-1826.45
-1826.94
-1826.76
-1826.55
-1826.91
-1826.25
-1826.57
-1826.72
-1826.7
-1826.45
-1826.49
-1826.19
-1826.36
-1826.4
-1822.12
-1826.03
-1826.29
-1826.17
-1826.66
-1826.24
-1826.81
-1826.08
-1826.66
-1826.49
-1826.85
-1826.68
-1826.17
-1826.13
-1826.24
-1825.83
-1826.07
-1826.67
-1826.33
-1826.06
-1826.41
-1825.56
-1826.24
-1826.46
-1825.15
-1825.42
-1826.5
-1826.63
-1826.27
-1826.08
-1827
-1826.98
-1825.65
-1826.86
-1826.13
-1826.38
-1827
-1826.53
-1825.62
-1826.25
-1826.78
-1826.81
-1826.19
-1826.88
-1826.96
-1826.57
-1826.51
-1825.21
-1826.21
-1826.44
-1826.63
-1826.42
-1826.3
-1825.75
-1826.38
-1826.22
-1826.95
-1825.27
-1826.2
-1825.87
-1826
-1826.36
-1826.81
-1826.93
-1826.98
-1825.91
-1827.03
-1826.52
-1826.54
-1826.87
-1826.55
-1826.84
-1826.06
-1826.38
-1826.4
-1826.09
-1825.98
-1826.92
-1826.18
-1826.85
-1826.8
-1825.78
-1826.82
-1826.04
-1826.56
-1826.06
-1826.92
-1825.89
-1826.75
-1826.01
-1826.1
-1826.24
-1826.49
-1826.21
-1826.31
-1825.87
-1826.21
-1826.14
-1826.31
-1827.1
-1826.71
-1826.85
-1826.53
-1826.6
-1827.37
-1826.81
-1826.2
-1825.7
-1826.15
-1826.75
-1825.83
-1826.71
-1826.69
-1826.86
-1826.99
-1826.73
-1826.58
-1827.09
-1826.83
-1826.53
-1826.36
-1827.17
-1826.9
-1825.98
-1827.11
-1825.77
-1827.03
-1826.88
-1826.83
-1826.37
-1826.82
-1826.64
-1826.46
-1825.99
-1826.23
-1825.95
-1826.2
-1826.69
-1827.03
-1825.73
-1826.47
-1826.63
-1826.82
-1826.79
-1826.81
-1826.32
-1825.85
-1827.23
-1826.78
-1827
-1826.2
-1826.75
-1826.66
-1826.84
-1827.08
-1826.81
-1825.76
-1826.32
-1825.33
-1825.66
-1826.49
-1826.71
-1826.32
-1826.51
-1826.36
-1826.71
-1825.97
-1826.54
-1826.37
-1826.63
-1826.44
-1825.74
-1825.92
-1826.22
-1825.98
-1826.9
-1826.63
-1826.39
-1826.2
-1826.04
-1826.8
-1826.83
-1823.5
-1827.09
-1826.84
-1825.55
-1826.07
-1826.75
-1826.34
-1826.01
-1826.56
-1826.73
-1827.06
-1826.75
-1826.77
-1826.74
-1826.51
-1827
-1826.23
-1826.65
-1826.29
-1826.02
-1826.46
-1826.6
-1826.48
-1826.27
-1826.38
-1826.71
-1826.83
-1826.26
-1826.84
-1826.87
-1826.05
-1826.37
-1826.71
-1826.66
-1826.85
-1826.38
-1826.47
-1827.06
-1826.39
-1827.18
-1826.59
-1825.98
-1826.44
-1826.25
-1826.96
-1826.9
-1826.98
-1825.15
-1827
-1823.18
-1826.19
-1827.16
-1826.59
-1826.46
-1826.8
-1826.84
-1826.52
-1826.83
-1826.47
-1826.56
-1826.23
-1826.94
-1826.71
-1826.49
-1825.93
-1826.63
-1827.15
-1826.58
-1826.36
-1826.08
-1826.96
-1826.04
-1826.61
-1827.03
-1826.58
-1826.49
-1826.59
-1826.27
-1826.68
-1826.38
-1826.52
-1826.42
-1826.69
-1826.38
-1826.58
-1826.62
-1826.55
-1826.86
-1825.81
-1826.34
-1826.46
-1827.01
-1826.19
-1826.6
-1825.99
-1826.96
-1826.98
-1827.22
-1826.96
-1827.14
-1826.56
-1826.2
-1826.69
-1821.33
-1826.92
-1826.21
-1826.8
-1826.95
-1826.74
-1827.03
-1827.02
-1826.61
-1825.69
-1826.47
-1826.27
-1826.22
-1826.03
-1826.83
-1827.18
-1826.16
-1826.75
-1826.32
-1826.42
-1826.15
-1826.82
-1825.97
-1826.1
-1826.71
-1826.34
-1826.74
-1826.95
-1826.08
-1826.47
-1826.73
-1826.34
-1827.45
-1826.86
-1826.74
-1826.54
-1826.24
-1826.62
-1826.85
-1826.77
-1826.99
-1826.36
-1826.99
-1826.29
-1827.8
-1827.12
-1826.59
-1826.38
-1826.53
-1826.88
-1826.61
-1826.76
-1826.55
-1826.01
-1826.44
-1826.57
-1826.71
-1826.71
-1826.76
-1826.14
-1826.42
-1826.36
-1827.07
-1826.47
-1826.69
-1826.41
-1826.58
-1826.26
-1826.76
-1826.7
-1826.59
-1826.11
-1826.59
-1826.75
-1826.97
-1826.61
-1826.71
-1825.98
-1826.23
-1827.15
-1826.21
-1825.91
-1826.58
-1826.55
-1826.47
-1826.75
-1826.31
-1826.51
-1826.09
-1825.78
-1826.63
-1826.18
-1826.64
-1826.77
-1826.88
-1826.63
-1826.56
-1826.4
-1826.03
-1826.78
-1826.05
-1826.85
-1826.29
-1826.43
-1826.44
-1826.53
-1826.85
-1826.84
-1826.64
-1826.12
-1826.74
-1826.69
-1826.37
-1826.93
-1825.98
-1826.56
-1826.16
-1827.13
-1826.88
-1826.36
-1826.56
-1826.46
-1825.72
-1827.24
-1826.36
-1826.55
-1826.39
-1826.32
-1826.63
-1826.44
-1825.84
-1826.75
-1827.18
-1822.13
-1826.73
-1826.3
-1826.53
-1826.79
-1826.84
-1827.01
-1826.2
-1826.15
-1825.86
-1825.93
-1826.86
-1827.03
-1826.21
-1827.19
-1826.42
-1826.34
-1826.51
-1826.33
-1825.77
-1826.28
-1826.66
-1826.39
-1826.95
-1825.96
-1826.33
-1827.29
-1827.05
-1826.21
-1827.12
-1826.8
-1826.65
-1826.59
-1826.87
-1825.94
-1826.42
-1826.55
-1826.37
-1826.14
-1826.31
-1826.52
-1826.4
-1826.27
-1827.1
-1826.77
-1826.47
-1826.45
-1826.96
-1827.04
-1826.67
-1826.67
-1826.85
-1826.24
-1826.89
-1826.48
-1826.24
-1826.28
-1826.38
-1826.88
-1825.89
-1826.39
-1826.19
-1826.22
-1826.25
-1826.57
-1826.93
-1826.1
-1826.89
-1826.1
-1826.67
-1826.35
-1826.37
-1827.05
-1826.34
-1826.36
-1826.63
-1826.55
-1825.79
-1826.6
-1826.59
-1826.45
-1826.46
-1823.13
-1827.11
-1826.72
-1827.08
-1826.22
-1826.96
-1825.91
-1827.28
-1826.51
-1826.74
-1826.97
-1826.3
-1826.41
-1826.41
-1826.94
-1826.82
-1826.57
-1827.11
-1827.17
-1826.66
-1825.92
-1826.48
-1826.72
-1825.83
-1826.71
-1826.51
-1826.97
-1826.67
-1826.46
-1826.53
-1826.39
-1826.16
-1826.96
-1825.95
-1826.64
-1826.85
-1826.76
-1825.96
-1826.71
-1825.67
-1827.39
-1826.08
-1826.54
-1826.75
-1826.97
-1826.72
-1826.23
-1826.74
-1825.89
-1825.85
-1826.37
-1826.76
-1827.18
-1826.82
-1826.61
-1826.7
-1826.38
-1826.49
-1826.8
-1826.56
-1826.62
-1827.19
-1826.63
-1827.09
-1826.58
-1826.33
-1826.53
-1826.33
-1826.34
-1826.6
-1826.58
-1826.27
-1826.3
-1826.45
-1826.61
-1826.84
-1825.94
-1826.93
-1821.82
-1825.92
-1826.17
-1826.09
-1826.23
-1826.53
-1826.58
-1826.49
-1826.38
-1826.01
-1826.44
-1826.08
-1826.67
-1826.94
-1827.26
-1826.64
-1826.5
-1826.32
-1826.71
-1826.11
-1826.44
-1826.35
-1826.37
-1826.61
-1827.17
-1826.49
-1826.59
-1826.23
-1826.77
-1826.19
-1826.5
-1826.47
-1826.48
-1826.1
-1826.39
-1826.53
-1826.83
-1825.57
-1826.65
-1827.01
-1826.79
-1826.11
-1827.11
-1826.7
-1825.84
-1826.61
-1827.12
-1826.57
-1826.93
-1826.78
-1826.68
-1826.87
-1826.69
-1826.83
-1827.07
-1826.17
-1827.46
-1827.23
-1827
-1826.61
-1826.22
-1827.01
-1827.16
-1826.83
-1826.93
-1826.46
-1826.66
-1827.27
-1826.98
-1826.79
-1826.23
-1826.23
-1826.66
-1826.75
-1826.47
-1826.29
-1826.26
-1823.89
-1826.52
-1827.04
-1826.58
-1826.06
-1827.01
-1826.27
-1826.75
-1826.08
-1826.51
-1826.47
-1826.69
-1826.7
-1825.79
-1825.7
-1826.54
-1825.97
-1826.63
-1826.27
-1826.8
-1826.38
-1826.61
-1826.01
-1826.94
-1826.23
-1826.6
-1825.98
-1826.06
-1826.75
-1826.78
-1826.28
-1823.82
-1826.83
-1826.04
-1823.25
-1826.28
-1826.54
-1826.26
-1826.8
-1827.52
-1826.81
-1826.7
-1827.06
-1825.98
-1826.6
-1826.35
-1826.34
-1826.76
-1827.01
-1826.73
-1826.71
-1826.81
-1825.51
-1826.45
-1826.98
-1826.94
-1826.49
-1826.44
-1827.15
-1826.02
-1826.93
-1826.72
-1826.42
-1826.26
-1826.41
-1826.97
-1826.68
-1826.45
-1826.77
-1826.4
-1826.48
-1826.17
-1826.72
-1826.99
-1827.11
-1825.91
-1826.28
-1826.69
-1826.31
-1827.07
-1826.14
-1826.41
-1825.95
-1827.08
-1826.38
-1826.3
-1826.96
-1826.72
-1826.49
-1826.7
-1826.43
-1826.27
-1826.83
-1826.93
-1826.64
-1826.64
-1826.24
-1826.57
-1827.06
-1826.02
-1826.77
-1826.63
-1826.89
-1826.88
-1826.14
-1826.45
-1826.8
-1825.62
-1826.34
-1826.44
-1826.67
-1821.88
-1826.22
-1826.61
-1826.73
-1826.16
-1826.91
-1826.85
-1826.6
-1827.17
-1826.87
-1826.36
-1826.37
-1826.89
-1826.5
-1826.84
-1825.2
-1826.32
-1826.29
-1826.86
-1826.26
-1826.9
-1826.52
-1827.19
-1826.78
-1826.5
-1826.87
-1826.45
-1826.57
-1826.05
-1825.29
-1826.4
-1826.31
-1826.74
-1825.52
-1826.61
-1827.19
-1826.8
-1826.62
-1826.34
-1826.68
-1826.17
-1826.44
-1826.58
-1826.41
-1826.3
-1826.58
-1827.42
-1825.92
-1826.39
-1826.25
-1826.18
-1825.96
-1827
-1826.62
-1826.3
-1826.04
-1826.35
-1826.82
-1826.62
-1826.73
-1826.44
-1826.37
-1826.66
-1827.03
-1826.59
-1826.54
-1826.37
-1827.02
-1826.27
-1826.8
-1826.75
-1826.81
-1826.17
-1826.85
-1826.16
-1826.65
-1825.74
-1826.53
-1826.78
-1826.8
-1826.17
-1826.76
-1826.8
-1826.26
-1826.58
-1826.98
-1826.78
-1826.29
-1826.56
-1826.01
-1826.51
-1826.66
-1826.23
-1826.51
-1827.36
-1827.27
-1826.75
-1826.11
-1826.78
-1825.94
-1826.85
-1826.7
-1826.82
-1826.86
-1826.4
-1826.77
-1826.63
-1826.1
-1825.61
-1826.52
-1826.25
-1826.63
-1826.5
-1826.09
-1826.92
-1827.2
-1827.3
-1826.69
-1826.96
-1826.87
-1826.88
-1827.18
-1826.74
-1826.72
-1826.25
-1826.78
-1826.95
-1826.73
-1826.25
-1826.84
-1825.65
-1826.46
-1826.64
-1826.7
-1826.73
-1826.64
-1826.92
-1826.85
-1827.03
-1826.75
-1826.11
-1826.27
-1826.41
-1826.02
-1826.8
-1826.65
-1826.62
-1826.83
-1826.62
-1827.26
-1826.51
-1827.12
-1826.39
-1826.23
-1826.39
-1826.44
-1826.82
-1826.63
-1826.16
-1827.46
-1826.44
-1826.78
-1826.94
-1826.37
-1826.54
-1826.69
-1822.33
-1825.92
-1824.89
-1826.53
-1825.94
-1826.56
-1826.81
-1826.4
-1826.63
-1826.14
-1826.46
-1826.62
-1826.84
-1826.6
-1826.36
-1826.16
-1826.57
-1826.34
-1826.78
-1826.89
-1826.48
-1826.06
-1826.49
-1826.81
-1826.55
-1826.1
-1826.26
-1826.12
-1826.91
-1826.87
-1826.42
-1827.01
-1826.26
-1826.4
-1827.01
-1826.72
-1826.34
-1826.39
-1826.6
-1826.4
-1826.66
-1826.33
-1826.52
-1826.47
-1827.19
-1826.37
-1826.51
-1826.62
-1825.89
-1826.48
-1826.64
-1826.38
-1826.15
-1826.71
-1826.42
-1826.95
-1825.51
-1826.58
-1826.88
-1826.26
-1826.12
-1826.53
-1826.84
-1826.65
-1826.42
-1825.89
-1825.61
-1826.72
-1826.58
-1826.35
-1826.49
-1826.81
-1824.23
-1826.69
-1827.01
-1826.66
-1826.5
-1826.19
-1825.98
-1826.51
-1826.12
-1827.3
-1825.9
-1826.6
-1826.53
-1825.99
-1827.12
-1826.67
-1826.88
-1826.47
-1826.73
-1827.11
-1827.04
-1826.07
-1826.15
-1826.49
-1825.98
-1826.68
-1826.18
-1826.32
-1826.46
-1825.81
-1827.15
-1826.53
-1826.57
-1826.74
-1826.12
-1826.52
-1826.67
-1826.4
-1826.42
-1826.56
-1825.92
-1826.67
-1826.67
-1826.71
-1826.34
-1826.92
-1826.73
-1826.68
-1826.55
-1826.72
-1827.04
-1826.36
-1826.08
-1826.75
-1826.58
-1826.9
-1826.66
-1826.27
-1826.69
-1826.45
-1826.53
-1826.15
-1826.27
-1826.53
-1825.89
-1825.77
-1826.38
-1826.08
-1826.68
-1826.44
-1826.44
-1826.17
-1826.72
-1826.23
-1826.32
-1826.94
-1826.48
-1826.38
-1826.8
-1826.47
-1827.05
-1826.62
-1826.51
-1826.25
-1826.76
-1826.45
-1826.48
-1826.6
-1826.62
-1826.53
-1826.88
-1826.25
-1826.72
-1826.22
-1824.95
-1826.98
-1826.41
-1826.86
-1826.6
-1826.04
-1826.24
-1826.15
-1826.68
-1826.83
-1826.43
-1826.78
-1826.23
-1826.62
-1826.43
-1826.22
-1826.48
-1826.06
-1826.04
-1826.42
-1825.89
-1826.79
-1826.27
-1825.97
-1826.7
-1826.42
-1826.72
-1826.51
-1826.75
-1826.46
-1826.83
-1826.93
-1825.68
-1826.53
-1826.95
-1826.89
-1826.96
-1826.54
-1826.5
-1825.85
-1825.81
-1826.19
-1826.47
-1826.73
-1826.3
-1826.58
-1826.88
-1826.63
-1825.9
-1826.59
-1826.82
-1826.95
-1826.83
-1826.67
-1826.19
-1826.5
-1826.41
-1826.69
-1827.03
-1825.94
-1826.34
-1826.9
-1826.09
-1825.67
-1826.07
-1826.52
-1826.86
-1826.46
-1826.43
-1826.45
-1826.29
-1826.9
-1826.05
-1826.2
-1826.11
-1825.88
-1825.93
-1826.78
-1826.23
-1826.94
-1825.44
-1826.89
-1826.05
-1827.09
-1826.54
-1826.12
-1826.35
-1826.44
-1826.24
-1826.66
-1825.96
-1826.29
-1826.54
-1826.53
-1826.1
-1826.42
-1826.93
-1826.76
-1826.9
-1826.08
-1826.45
-1826.13
-1827.11
-1826.8
-1826.5
-1827.27
-1825.88
-1826.83
-1826.88
-1826.85
-1826.48
-1826.75
-1826.54
-1826.42
-1827.28
-1826.11
-1826.33
-1826.3
-1826.91
-1826.62
-1826.52
-1827.27
-1826.47
-1827.08
-1826.29
-1826.35
-1826.4
-1827.12
-1826.58
-1826.31
-1826.85
-1826.45
-1827.02
-1826.37
-1826.75
-1826.85
-1826.21
-1826.74
-1826.34
-1826.3
-1826.43
-1825.9
-1826.28
-1826.28
-1825.91
-1826.54
-1826.4
-1826.6
-1826.6
-1827.19
-1827.16
-1826.46
-1826.78
-1826.8
-1826.79
-1826.65
-1827.23
-1826.89
-1826.59
-1826.36
-1826.48
-1826.55
-1826.68
-1826.64
-1826.61
-1826.51
-1826.37
-1826.87
-1826.38
-1826.66
-1825.91
-1826.45
-1826.84
-1826.41
-1826.79
-1826.61
-1827
-1826.38
-1826.37
-1826.92
-1827.12
-1826.18
-1826.73
-1826.57
-1826.25
-1825.78
-1826.7
-1826.73
-1826.83
-1826.6
-1827.03
-1826.42
-1826.59
-1826.81
-1826.79
-1826.64
-1826.22
-1826.42
-1826.01
-1826.33
-1826.91
-1827.31
-1826.73
-1827.09
-1826.04
-1826.26
-1826.39
-1826.39
-1826.61
-1826.85
-1826.29
-1826.51
-1826.07
-1826.54
-1827.28
-1826.95
-1826.53
-1826.92
-1826.49
-1826.46
-1826.1
-1825.73
-1825.96
-1826.82
-1826.53
-1826.56
-1826.42
-1826.91
-1826.44
-1826.87
-1827.12
-1826.66
-1826.9
-1826.43
-1826.24
-1827.07
-1826.45
-1826.02
-1827.17
-1826.34
-1827.48
-1826.25
-1826.38
-1826.94
-1826.39
-1826.6
-1826.9
-1826.8
-1827.08
-1825.8
-1826.48
-1826.58
-1826.03
-1827.1
-1826.76
-1826.67
-1826.8
-1826.15
-1826.68
-1826.93
-1826.86
-1826.49
-1826.91
-1826.89
-1826.37
-1826.13
-1826.69
-1827.16
-1826.19
-1826.4
-1827.34
-1826.24
-1826.49
-1826.88
-1826.99
-1826.7
-1826.34
-1826.66
-1826.2
-1826.49
-1826.29
-1826.18
-1826.33
-1826.66
-1827
-1826.85
-1826.42
-1826.66
-1826.48
-1826.65
-1826.17
-1826.82
-1827.03
-1826.7
-1826.89
-1826.48
-1826.43
-1826.5
-1826.14
-1826.17
-1826.45
-1826.65
-1827.22
-1826.94
-1827.03
-1826.9
-1826.59
-1824.54
-1826.73
-1826.34
-1825.89
-1826.72
-1826.79
-1826.56
-1826.54
-1826.58
-1826.95
-1826.03
-1826.85
-1827.47
-1826.42
-1826.36
-1826.78
-1826.38
-1826.87
-1826.65
-1826.82
-1826.24
-1826.51
-1826.42
-1826.92
-1826.67
-1826.7
-1826.75
-1826.73
-1826.3
-1826.36
-1826.58
-1826.39
-1826.89
-1826.72
-1826.71
-1826.8
-1826.72
-1826.95
-1827.06
-1826.68
-1826.6
-1826.44
-1826.34
-1826.13
-1826.71
-1827.06
-1826.65
-1826.62
-1826.43
-1826.17
-1826.48
-1827.2
-1827.06
-1824.49
-1826.21
-1827.08
-1826.63
-1826.24
-1826.8
-1826.28
-1826.89
-1826.73
-1826.38
-1826.67
-1825.82
-1826.97
-1826.16
-1826.77
-1826.64
-1827.37
-1826.92
-1826.89
-1826.42
-1826.73
-1826.33
-1826.28
-1826.6
-1826.42
-1826.34
-1826.76
-1826.73
-1826.64
-1824.05
-1826.07
-1826.31
-1827.04
-1826.54
-1826.32
-1826.61
-1826.41
-1826.48
-1826.6
-1826.81
-1826.87
-1826.66
-1826.44
-1826.67
-1826.42
-1826.97
-1826.18
-1826.35
-1826.66
-1826.31
-1827.2
-1827.19
-1826.32
-1826.38
-1826.52
-1826.74
-1826.62
-1826.6
-1827.36
-1826.63
-1826.12
-1826.17
-1826.46
-1827.11
-1827.01
-1827.06
-1826.38
-1826.82
-1826.4
-1826.63
-1826.35
-1826.8
-1826.7
-1826.12
-1827.29
-1826.63
-1826.86
-1826.9
-1826.05
-1826.96
-1826.76
-1826.26
-1826.9
-1826.46
-1826.34
-1826.26
-1826.03
-1826.87
-1826.4
-1826.73
-1826.72
-1825.82
-1826.87
-1827.28
-1826.8
-1826.47
-1826.68
-1826.88
-1826.32
-1826.71
-1826.13
-1826.99
-1825.79
-1826.86
-1826.25
-1827.04
-1826.81
-1826.8
-1826.65
-1826.4
-1826.44
-1822.19
-1826.62
-1824.51
-1826.52
-1826.46
-1826.8
-1826.97
-1826.74
-1826.49
-1826.26
-1826.62
-1826.55
-1826.23
-1826.79
-1826.45
-1826.64
-1826.65
-1826.79
-1826.3
-1827.16
-1826.41
-1826.01
-1826.82
-1826.5
-1826.65
-1826.42
-1826.43
-1826.54
-1826.25
-1825.62
-1826.53
-1826.46
-1826.95
-1826.48
-1826.33
-1826.07
-1826.3
-1826.66
-1825.95
-1826.74
-1826.12
-1827.23
-1827.03
-1826.17
-1826.87
-1826.46
-1826.38
-1827.12
-1826.42
-1826.58
-1826.8
-1827.01
-1827
-1826.43
-1826.93
-1826.48
-1826.97
-1825.14
-1826.64
-1827.02
-1827.6
-1825.87
-1826.46
-1826.44
-1826.8
-1826.66
-1826.54
-1826.57
-1826.28
-1826.48
-1826.69
-1827.27
-1825.54
-1826.45
-1826.71
-1826.77
-1826.75
-1826.14
-1826.45
-1826.69
-1826.39
-1826.42
-1826.57
-1826.14
-1826.17
-1826.56
-1827.28
-1826.41
-1824.03
-1825.77
-1827.09
-1826.24
-1826.45
-1826.23
-1826.26
-1826.53
-1826.57
-1827.13
-1826.27
-1826.48
-1826.22
-1826.25
-1827.02
-1826.4
-1825.97
-1826.92
-1826.17
-1826.54
-1826.43
-1827.49
-1826.05
-1826.85
-1826.42
-1826.86
-1825.97
-1824.81
-1826.17
-1826.45
-1826.48
-1826.47
-1826.3
-1826.23
-1826.34
-1826.21
-1826.27
-1826.74
-1826.5
-1826.84
-1826.78
-1826.29
-1825.18
-1826.31
-1825.94
-1826.74
-1826.7
-1826.73
-1826.17
-1827.05
-1827.12
-1826.66
-1825.97
-1826.94
-1826.6
-1826.87
-1826.6
-1826.55
-1826.37
-1826.93
-1826.5
-1826.34
-1825.99
-1826.56
-1826.63
-1826.02
-1827.27
-1827.3
-1826.39
-1827.16
-1825.66
-1826.62
-1826.82
-1827.12
-1826.65
-1826.77
-1826.72
-1826.61
-1826.56
-1826.59
-1826.25
-1827.3
-1827.05
-1826.91
-1826.48
-1826.38
-1826.31
-1823.65
-1827.47
-1827.16
-1826.92
-1826.37
-1826.68
-1826.48
-1826.24
-1826.83
-1826.67
-1826.77
-1826.31
-1825.98
-1826.86
-1826.7
-1827.19
-1825.49
-1826.58
-1827.29
-1826.24
-1826.14
-1826.33
-1826.61
-1826.56
-1826.82
-1826.9
-1826.54
-1826.63
-1826.71
-1826.79
-1826.54
-1826.72
-1826.22
-1827.07
-1827.04
-1827.35
-1826.63
-1826.61
-1826.23
-1826.64
-1826.55
-1826.59
-1826.87
-1826.7
-1826.62
-1827.05
-1826.66
-1826.82
-1826.61
-1826.12
-1826.6
-1826.47
-1826.74
-1826.36
-1826.58
-1826.53
-1826.8
-1826.72
-1826.98
-1826.6
-1826.98
-1826.76
-1826.85
-1825.39
-1826.34
-1826.65
-1827.2
-1827.15
-1827.06
-1827.21
-1826.55
-1826.62
-1824.35
-1827.07
-1826.5
-1826.33
-1827.24
-1826.07
-1826.45
-1826.01
-1826.85
-1827.2
-1826.09
-1826.45
-1826.62
-1826.54
-1826.41
-1826.46
-1826.67
-1826.51
-1826.75
-1826.37
-1826.74
-1826.71
-1827.75
-1826.68
-1826.21
-1826.76
-1826.63
-1826.08
-1826.83
-1827.1
-1827.1
-1826.14
-1826.55
-1826.15
-1826.82
-1826.7
-1826.88
-1826.48
-1826.82
-1826.59
-1826.8
-1826.46
-1827.07
-1827.01
-1827.02
-1826.48
-1826.5
-1826.35
-1826.26
-1826.73
-1826.31
-1826
-1826.68
-1826.76
-1826.44
-1826.6
-1826.24
-1826.49
-1825.8
-1826.83
-1826.68
-1825.86
-1826.08
-1826.51
-1826.19
-1827.33
-1826.85
-1827.41
-1826.91
-1826.1
-1826.39
-1826.28
-1826.72
-1826.65
-1827.14
-1826.91
-1826.75
-1826.46
-1826.29
-1826.87
-1825.84
-1826.28
-1825.97
-1826.98
-1826.19
-1827.04
-1826.35
-1826.61
-1826.73
-1826.28
-1826.66
-1826.39
-1826.51
-1827.58
-1826.86
-1826.95
-1826.66
-1826.93
-1826.67
-1826.32
-1826.35
-1826.43
-1826.89
-1827.03
-1827.02
-1826.37
-1826.85
-1826.66
-1826.05
-1826.4
-1826.26
-1826.7
-1826.71
-1825.91
-1826.59
-1826.76
-1826.69
-1826.92
-1826.75
-1826.49
-1826.85
-1826.36
-1826.88
-1826.55
-1826.7
-1826.54
-1826.27
-1826.57
-1826.88
-1826.41
-1826.6
-1826.95
-1826.4
-1826.21
-1826.81
-1825.82
-1826.96
-1825.85
-1826.23
-1826.77
-1826.88
-1826.42
-1826.91
-1826.99
-1827.1
-1826.53
-1827.31
-1826.77
-1826.9
-1826.51
-1826.88
-1826.51
-1826.58
-1826.34
-1826.25
-1826.26
-1826.25
-1826.86
-1826.27
-1826.34
-1826.47
-1826.08
-1826.37
-1826.45
-1826.82
-1826.8
-1826.73
-1826.45
-1826.86
-1826.4
-1826.52
-1826.05
-1826.68
-1826.58
-1826.59
-1826.1
-1826.95
-1826.79
-1826.4
-1826.97
-1826.49
-1826.59
-1826.45
-1826.55
-1826.27
-1826.56
-1826.12
-1826.92
-1826.8
-1825.9
-1826.64
-1827.49
-1826.99
-1826.82
-1827.03
-1827.19
-1826.39
-1826.81
-1826.86
-1826.21
-1826.79
-1826.64
-1827.02
-1826.2
-1826.13
-1826.87
-1827.14
-1826.96
-1826.6
-1826.61
-1826.31
-1827.16
-1826.45
-1826.85
-1827.27
-1827.02
-1826.31
-1826.5
-1826.27
-1826.84
-1826.4
-1826.08
-1827
-1822.02
-1826.58
-1826.67
-1826.26
-1826.4
-1824.55
-1827.3
-1826.83
-1827.04
-1826.91
-1826.47
-1826.92
-1826.6
-1827.25
-1826.74
-1826.76
-1827.67
-1826.5
-1826.62
-1826.51
-1826.4
-1827.07
-1827.11
-1826.7
-1826.39
-1826.51
-1827.12
-1827.07
-1827
-1826.45
-1826.46
-1826.48
-1826.93
-1826.38
-1827.44
-1826.54
-1827.09
-1826.22
-1827.07
-1826.67
-1826.42
-1826.96
-1826.47
-1826.9
-1825.86
-1825.94
-1826.96
-1827.06
-1826.51
-1826.84
-1826.23
-1826.8
-1827.21
-1824.38
-1826.84
-1826.73
-1826.98
-1826.33
-1825.76
-1827.09
-1826.97
-1826.42
-1826.22
-1825.99
-1826.54
-1826.77
-1826.08
-1825.93
-1826.75
-1827.01
-1826.79
-1826.29
-1826.64
-1826.8
-1826.6
-1826.61
-1826.02
-1826.43
-1826.63
-1827.31
-1827.01
-1826.5
-1826.92
-1826.99
-1826.24
-1826.66
-1826.5
-1826.93
-1826.39
-1826.26
-1826.86
-1826.88
-1827.21
-1825.67
-1826.57
-1826.26
-1826.45
-1826.98
-1826.15
-1825.98
-1826.58
-1826.91
-1824.14
-1826.58
-1826.49
-1826.74
-1826.73
-1826.66
-1827.2
-1826.63
-1827.39
-1827.06
-1826.3
-1826.65
-1826.82
-1826.92
-1827.4
-1827.02
-1826.86
-1825.55
-1827.17
-1826.66
-1826.53
-1826.78
-1827.14
-1826.26
-1826.19
-1827.11
-1826.64
-1826.12
-1826.61
-1826.49
-1826.73
-1826.48
-1826.46
-1826.68
-1826.65
-1826.31
-1826.7
-1826.4
-1826.27
-1826.01
-1826.79
-1827.37
-1826.9
-1826.51
-1827.03
-1826.24
-1826.81
-1825.63
-1827.22
-1826.21
-1826.47
-1826.72
-1826.52
-1826.41
-1826.65
-1826.7
-1826.43
-1827.08
-1826.64
-1827.17
-1826.24
-1826.37
-1826.71
-1825.83
-1826.86
-1826.7
-1826.33
-1826.52
-1826.74
-1826.6
-1826.91
-1827.05
-1826.95
-1826.54
-1826.51
-1827.02
-1826.15
-1827.08
-1826.31
-1826.26
-1826.58
-1826.32
-1826.35
-1826.54
-1827.02
-1826.9
-1827.08
-1826.25
-1826.77
-1826.42
-1826.12
-1826.66
-1826.31
-1826.4
-1826.47
-1825.33
-1826.98
-1826.52
-1826.84
-1826.87
-1826.87
-1826.69
-1825.94
-1826.28
-1826.75
-1826.93
-1826.73
-1826.56
-1826.47
-1826.83
-1826.45
-1826.47
-1826.38
-1827.01
-1826.65
-1823.7
-1825.57
-1826.18
-1826.41
-1826.5
-1826.33
-1827.13
-1826.5
-1826.24
-1826.91
-1826.59
-1826.91
-1827.11
-1826.34
-1826.87
-1826.44
-1826.61
-1826.54
-1826.67
-1826.2
-1826.65
-1827.13
-1826.86
-1827.15
-1826.77
-1826.57
-1826.23
-1826.65
-1826.97
-1826.93
-1826.88
-1827.15
-1826.18
-1826.97
-1826.66
-1826.17
-1826.85
-1826.87
-1825.81
-1826.49
-1826.91
-1827.28
-1825.91
-1826.87
-1826.9
-1826.91
-1826.55
-1826.93
-1826.44
-1826.35
-1826.33
-1826.36
-1826.65
-1826.81
-1825.99
-1826.43
-1826.12
-1826.62
-1827
-1825.99
-1826.63
-1826.64
-1826.31
-1826.33
-1826.68
-1826.82
-1827.04
-1826.41
-1827.14
-1826.96
-1826.57
-1826.49
-1827.09
-1826.17
-1826.32
-1827.01
-1826.56
-1827.3
-1826.57
-1827
-1826.84
-1825.9
-1826.74
-1826.71
-1826.63
-1827.37
-1827.15
-1824.65
-1826.82
-1826.93
-1826.27
-1827
-1826.92
-1826.84
-1826.69
-1827.22
-1826.47
-1826.49
-1826.72
-1824.21
-1826.93
-1826.44
-1826.58
-1825.96
-1826.46
-1826.34
-1826.42
-1826.93
-1826.76
-1826.86
-1827.17
-1826.83
-1826.94
-1827.1
-1827.2
-1827.28
-1826.6
-1826.49
-1826.28
-1827.02
-1826.6
-1826.05
-1826.3
-1826.9
-1826.88
-1826.5
-1825.53
-1826.64
-1826.85
-1826.32
-1825.95
-1827.03
-1827
-1826.81
-1827.18
-1826.47
-1826.63
-1827.16
-1826.55
-1826.95
-1826.9
-1827.02
-1826.73
-1827.14
-1827.18
-1826.52
-1826.5
-1826.39
-1826.45
-1826.97
-1826.63
-1826.09
-1826.28
-1826.46
-1826.56
-1826.25
-1826.31
-1826.71
-1825.99
-1826.52
-1826.59
-1826.34
-1826.79
-1826.65
-1827.21
-1826.02
-1826.79
-1826.82
-1826.97
-1826.62
-1826.57
-1827.18
-1826.43
-1826.45
-1825.98
-1826.33
-1826.68
-1826.34
-1826.76
-1825.98
-1826.5
-1826.76
-1826.05
-1826.15
-1827.15
-1827.56
-1826.49
-1826.78
-1826.47
-1826.35
-1826.75
-1827.17
-1826.86
-1827.27
-1826.48
-1826.18
-1826.42
-1826.79
-1826.91
-1826.97
-1826.7
-1826.78
-1825.9
-1826.68
-1826.3
-1826.66
-1826.28
-1827
-1826.56
-1826.68
-1826.75
-1826.23
-1827.46
-1826.33
-1826.6
-1826.93
-1826.12
-1826.78
-1826.18
-1827.14
-1826.41
-1826.33
-1826.69
-1825.95
-1826.8
-1827.03
-1826.69
-1826.85
-1826.76
-1826.9
-1826.75
-1826.57
-1826.74
-1825.52
-1826.22
-1826.84
-1827.22
-1825.84
-1826.03
-1826.47
-1826.41
-1826.68
-1826.82
-1826.21
-1826.2
-1827.09
-1826.97
-1826.67
-1826.88
-1826.49
-1826.99
-1826.39
-1827.04
-1827.18
-1826.86
-1827.14
-1825.99
-1826.23
-1826.6
-1825.57
-1826.69
-1826.67
-1826.53
-1826.3
-1827
-1826.13
-1826.63
-1826.5
-1827.13
-1826.83
-1822.4
-1826.89
-1825.82
-1826.57
-1826.41
-1827.1
-1826.13
-1825.76
-1826.4
-1827.28
-1825.81
-1826.63
-1824.01
-1826.76
-1826.7
-1826.65
-1825.96
-1826.44
-1825.87
-1826.46
-1827.14
-1827.07
-1826.77
-1826.51
-1826.89
-1827.21
-1826.85
-1826.11
-1826.5
-1826.13
-1826.62
-1826.29
-1826.75
-1824.78
-1827.23
-1826.13
-1827.47
-1826.37
-1825.27
-1826.85
-1826.5
-1826.83
-1826.37
-1826.59
-1826.63
-1827.24
-1826.35
-1826.17
-1827.16
-1827.02
-1827.02
-1826.37
-1826.53
-1826.62
-1826.63
-1826.22
-1826.97
-1826.14
-1826.68
-1826.41
-1826.6
-1826.94
-1826.43
-1826.35
-1826.73
-1826.87
-1826.18
-1826.09
-1826.75
-1826.12
-1826.98
-1825.87
-1826.48
-1826.79
-1826.78
-1826.51
-1826.83
-1827.51
-1826.15
-1825.33
-1826.71
-1826.84
-1826.93
-1826.91
-1826.45
-1826.31
-1826.59
-1825.96
-1826.59
-1825.75
-1826.59
-1826.6
-1826.25
-1825.89
-1826.76
-1826.71
-1826.75
-1827.34
-1826.49
-1826.91
-1826.53
-1826.72
-1826.39
-1826
-1826.56
-1826.73
-1826.14
-1826.33
-1827.1
-1826.37
-1826.5
-1827.46
-1826.85
-1826.5
-1827.53
-1827.27
-1826.06
-1826.99
-1825.91
-1826.84
-1827.12
-1826.48
-1826.87
-1826.67
-1826.74
-1826.31
-1826.16
-1827.07
-1826.62
-1826.44
-1826.01
-1826.88
-1826.69
-1826.72
-1826.53
-1826.89
-1826.6
-1826.72
-1826.51
-1826.39
-1826.82
-1826.11
-1826.56
-1826.88
-1826.39
-1827.23
-1826.12
-1826.73
-1826.63
-1826.91
-1827.23
-1826.72
-1826.64
-1826.67
-1826.38
-1826.48
-1826.17
-1826.95
-1826.79
-1826.39
-1826.48
-1827.03
-1826.78
-1826.73
-1826.84
-1826.26
-1827.05
-1826.65
-1826.58
-1826.57
-1826.34
-1826.31
-1826.92
-1826.58
-1826.31
-1826.12
-1826.01
-1826.57
-1826.45
-1826.65
-1827.02
-1826.88
-1826.63
-1826.32
-1826.4
-1827.05
-1826.65
-1826.78
-1826.73
-1827.37
-1827.02
-1826.85
-1826.35
-1824.36
-1826.74
-1826.78
-1827.07
-1826.67
-1826.46
-1826.18
-1826.72
-1826.39
-1826.61
-1826.84
-1825.91
-1827.18
-1827.25
-1826.75
-1827.21
-1826.97
-1826.7
-1826.9
-1827.07
-1826.55
-1826.45
-1826.47
-1826.47
-1826.6
-1826.82
-1826.36
-1826.49
-1826.85
-1826.94
-1826.57
-1826.74
-1826.86
-1826.47
-1826.86
-1826.77
-1825.92
-1826.47
-1826.68
-1825.91
-1826.38
-1826.52
-1826.68
-1826.33
-1826.59
-1826.53
-1826.72
-1826.92
-1826.82
-1826.44
-1825.74
-1826.75
-1826.74
-1826.68
-1826.54
-1826.98
-1826.41
-1826.3
-1826.56
-1826.62
-1827.02
-1823.81
-1826.19
-1826.76
-1826.58
-1826.74
-1826.38
-1826.42
-1826.73
-1826.45
-1826.56
-1826.41
-1827.02
-1827.06
-1826.11
-1827.13
-1827.06
-1826.28
-1826.95
-1827.16
-1827.04
-1827.2
-1826.72
-1826.28
-1827
-1826.53
-1827.19
-1826.56
-1826.44
-1826.84
-1826.71
-1826.35
-1826.75
-1826.29
-1826.66
-1824.98
-1826.81
-1827.21
-1826.28
-1826.49
-1826.72
-1826.68
-1826.55
-1826.66
-1826.42
-1826.47
-1826.5
-1826.89
-1827.14
-1826.16
-1826.72
-1826.58
-1826.77
-1826.15
-1826.57
-1826.73
-1826.89
-1826.36
-1826.56
-1825.65
-1826.27
-1827.09
-1826.81
-1827.05
-1826.56
-1827.11
-1826.61
-1826.95
-1826.71
-1827.43
-1827.06
-1826.81
-1826.35
-1826.56
-1825.78
-1826.88
-1826.94
-1826.86
-1826.68
-1826.17
-1826.7
-1826.93
-1826.48
-1826.84
-1826.82
-1826.25
-1827.44
-1826.41
-1826.59
-1826.92
-1827.19
-1826.48
-1826.33
-1826.7
-1826.97
-1826.5
-1826.5
-1826.72
-1827.12
-1826.82
-1826.27
-1826.83
-1825.75
-1827.15
-1826.63
-1826.97
-1827.55
-1826.96
-1826.87
-1826.09
-1826.58
-1826.7
-1827.07
-1826.81
-1826.6
-1826.51
-1826.36
-1826.5
-1826.14
-1826.15
-1826.64
-1826.74
-1825.47
-1826.03
-1827.02
-1826.94
-1826.6
-1826.74
-1826.78
-1826.78
-1826.89
-1826.56
-1826.43
-1827.03
-1828.06
-1826.84
-1826.51
-1826.75
-1825.95
-1826.25
-1826.91
-1826.54
-1826.65
-1826.94
-1826.45
-1826.73
-1827.04
-1827.08
-1826.83
-1826
-1826.57
-1826.79
-1826.72
-1826.8
-1827.03
-1825.98
-1827.18
-1827.15
-1825.42
-1826.39
-1826.96
-1826.71
-1826.4
-1826.69
-1826.93
-1826.65
-1826.45
-1826.92
-1826.53
-1826.94
-1826.57
-1826.77
-1826.33
-1826.8
-1826.23
-1827.19
-1826.87
-1826.67
-1825.61
-1826.52
-1826.53
-1826.13
-1826.5
-1827.21
-1826.56
-1826.45
-1826.63
-1826.6
-1825.7
-1826.52
-1826.52
-1826.89
-1826.13
-1827.09
-1826.13
-1826.94
-1827.26
-1826.39
-1826.67
-1826.5
-1826.64
-1826.29
-1826.52
-1826.48
-1826.91
-1826.83
-1826.53
-1826.5
-1826.86
-1826.5
-1827.05
-1826.97
-1826.91
-1826.62
-1826.99
-1826.42
-1826.27
-1826.93
-1827
-1826.07
-1825.96
-1826.83
-1826.9
-1825.98
-1826.27
-1826.7
-1827.21
-1826.22
-1826.64
-1826.84
-1826.21
-1826.69
-1826.33
-1826.81
-1827.43
-1825.87
-1826.66
-1827.09
-1827.21
-1826.91
-1826.2
-1826.79
-1826.61
-1826.44
-1826.92
-1826.34
-1826.42
-1825.6
-1827.26
-1826.9
-1825.71
-1826.96
-1826.3
-1826.9
-1827.21
-1827.02
-1826.98
-1826.55
-1826.49
-1826.62
-1825.82
-1826.57
-1827.34
-1826.56
-1826.18
-1826.68
-1827.1
-1826.87
-1826.76
-1826.33
-1826.51
-1826.57
-1827.37
-1826.48
-1826.16
-1826.99
-1826.85
-1826.22
-1826.82
-1827.26
-1826.68
-1826.83
-1827.34
-1826.78
-1827.12
-1826.45
-1826.33
-1827.01
-1826.58
-1826.52
-1826.36
-1826.51
-1826.71
-1826.93
-1826.96
-1826.78
-1826.81
-1826.67
-1826.38
-1826.45
-1826.6
-1826.96
-1826.86
-1826.7
-1826.98
-1826.87
-1826.95
-1826.06
-1826.88
-1827.02
-1826.65
-1827.07
-1827.06
-1826.75
-1826.21
-1826.74
-1826.37
-1826.15
-1826.69
-1827.17
-1826.95
-1827.05
-1826.17
-1827.02
-1827.09
-1826.58
-1826.85
-1826.06
-1826.06
-1826.77
-1826.82
-1827.57
-1826.37
-1827.25
-1826.38
-1826.28
-1826.64
-1826.4
-1827.22
-1827.05
-1826.77
-1826.21
-1826.7
-1826.89
-1826.22
-1826.21
-1825.76
-1827.44
-1826.74
-1826.78
-1826.62
-1826.55
-1824.11
-1824.38
-1826.71
-1826.81
-1826.65
-1826.62
-1826.76
-1826.66
-1827.37
-1827.25
-1826.56
-1826.34
-1826.69
-1826.76
-1826.47
-1826.64
-1826.42
-1826.59
-1826.41
-1826.88
-1826.01
-1825.73
-1826.53
-1826.63
-1826.02
-1826.34
-1826.69
-1826.38
-1826.28
-1826.74
-1826.26
-1826.72
-1826.81
-1825.98
-1827.01
-1826.81
-1826.31
-1826.59
-1826.64
-1826.93
-1826.63
-1825.59
-1826.59
-1826.54
-1826.6
-1826.44
-1825.99
-1826.75
-1826.39
-1826.81
-1826.67
-1826.47
-1827.39
-1826.58
-1826.62
-1826.18
-1826.65
-1826.57
-1826.84
-1826.93
-1826.41
-1826.03
-1826.74
-1826.57
-1826.4
-1826.4
-1826.5
-1826.18
-1826.58
-1826.18
-1826.48
-1825.54
-1826.21
-1826.77
-1826.61
-1826.69
-1826.77
-1826
-1826.81
-1826.55
-1826.27
-1826.41
-1826.91
-1826.15
-1827.42
-1825.81
-1827.07
-1826.01
-1826.56
-1827.01
-1826.71
-1826.39
-1826.28
-1826.35
-1826.78
-1826.2
-1826.35
-1826.37
-1827.02
-1826.55
-1826.34
-1826.65
-1827.28
-1826.61
-1826.54
-1826.52
-1826.46
-1826.54
-1826.35
-1826.83
-1826.46
-1826.75
-1826.68
-1826.49
-1826.83
-1826.69
-1826.77
-1826.28
-1826.73
-1826.98
-1826.63
-1826.35
-1827.12
-1826.97
-1826.93
-1827.09
-1826.75
-1826.1
-1826.34
-1826.67
-1827.22
-1826.6
-1826.7
-1826.59
-1827.18
-1826.65
-1826.35
-1827.08
-1827.07
-1826.23
-1826.33
-1826.37
-1826.53
-1826.76
-1826.85
-1826.91
-1826.57
-1826.87
-1826.74
-1826.96
-1826.74
-1824.3
-1826.39
-1826.37
-1826.95
-1826.95
-1826.43
-1826.89
-1826.87
-1824.51
-1826.86
-1826.34
-1826.44
-1826.65
-1826.79
-1826.84
-1827.23
-1825.93
-1826.58
-1825.89
-1827.25
-1826.46
-1826.78
-1826.84
-1826.51
-1826.63
-1826.39
-1826.73
-1827.11
-1826.38
-1826.41
-1826.82
-1826.17
-1826.54
-1826.79
-1826.17
-1826.71
-1826.88
-1827.03
-1826.52
-1826.58
-1826.76
-1826.5
-1823.49
-1826.65
-1826.74
-1827.07
-1826.27
-1826.77
-1825.91
-1826.31
-1826.97
-1826.69
-1826.72
-1826.62
-1826.96
-1826.55
-1826.23
-1826.39
-1826.69
-1826.77
-1826.49
-1826.89
-1826.83
-1826.49
-1826.45
-1826.74
-1826.71
-1826.08
-1826.95
-1826.19
-1827.27
-1826.38
-1826.33
-1826.22
-1826.58
-1826.39
-1826.91
-1825.85
-1826.53
-1826.4
-1825.75
-1826.45
-1826.16
-1826.64
-1826.21
-1826.28
-1826.58
-1826.87
-1826.28
-1826.86
-1827.04
-1826.78
-1826.14
-1826.99
-1826.17
-1826.45
-1826.68
-1826.69
-1826.5
-1826.54
-1827.19
-1826.45
-1826.49
-1826.78
-1826.64
-1827.02
-1826.47
-1826.74
-1826.73
-1827.08
-1826.42
-1826.71
-1826.45
-1826.48
-1826.74
-1826.33
-1826.35
-1826.61
-1826.8
-1826.39
-1826.88
-1825.78
-1826.85
-1825.34
-1827.49
-1826.36
-1826.69
-1826.48
-1826.84
-1825.99
-1826.45
-1826.88
-1826.42
-1826.74
-1826.56
-1826.66
-1826.4
-1826.67
-1826.82
-1825.98
-1826.43
-1826.32
-1826.73
-1826.26
-1826.04
-1826.57
-1826.64
-1826.84
-1826.83
-1826.8
-1826.7
-1826.47
-1826.61
-1827.06
-1827.07
-1827.18
-1826.93
-1826.5
-1825.77
-1826.94
-1826.71
-1826.5
-1826.78
-1826.48
-1827.28
-1826.33
-1826.41
-1826.78
-1826.12
-1826.68
-1826.55
-1826.34
-1825.85
-1826.49
-1826.33
-1827.15
-1826.43
-1826.21
-1826.71
-1827
-1826.57
-1826.41
-1826.97
-1826.79
-1826.5
-1826.55
-1826.53
-1826.58
-1825.75
-1827.32
-1826.48
-1827.15
-1825.93
-1826.56
-1827.08
-1825.89
-1826.34
-1827.05
-1826.4
-1826.09
-1827.49
-1826.66
-1826.47
-1825.97
-1827.16
-1826.56
-1826.44
-1826.35
-1826.65
-1826.66
-1826.28
-1826.99
-1827.26
-1826.53
-1826.81
-1826.77
-1826.53
-1826.65
-1826.53
-1826.82
-1827.24
-1826.65
-1826.23
-1826.4
-1826.2
-1827.25
-1826.94
-1826.42
-1827.04
-1826.68
-1826.99
-1827.08
-1826.82
-1826.72
-1826
-1826.57
-1826.87
-1826.67
-1826.43
-1827.16
-1826.33
-1827.52
-1826.6
-1826.87
-1827.24
-1825.98
-1826.44
-1826.9
-1826.58
-1826.72
-1826.22
-1826.85
-1827.19
-1827.34
-1825.96
-1826.72
-1826.87
-1826.69
-1826.76
-1826.71
-1824.07
-1826.4
-1826.42
-1826.36
-1826.04
-1827
-1826.79
-1826.23
-1826.79
-1826.9
-1826.35
-1826.79
-1826.95
-1826.65
-1826.57
-1827.57
-1826.23
-1827.08
-1825.89
-1826.51
-1826.97
-1826.51
-1826.54
-1826.93
-1827.19
-1826.43
-1826.84
-1826.59
-1826.7
-1824.54
-1826.99
-1827.19
-1826.41
-1826.78
-1821.72
-1826.77
-1826.7
-1826.46
-1827.25
-1826.87
-1827.12
-1826.63
-1826.49
-1827.52
-1826.37
-1826.49
-1826.91
-1826.75
-1827.02
-1827.01
-1826.47
-1822.67
-1826.93
-1826.01
-1826.71
-1826.58
-1826.46
-1826.18
-1826.99
-1824.01
-1826.97
-1826.67
-1826.5
-1826.76
-1827.18
-1826.88
-1826.96
-1826.79
-1826.57
-1824.12
-1826.7
-1826.77
-1826.82
-1826.64
-1826.34
-1826.58
-1826.76
-1826.17
-1826.81
-1826.8
-1826.55
-1825.72
-1827.06
-1825.93
-1825.63
-1827.3
-1827.03
-1827.07
-1826.75
-1826.45
-1826.51
-1826.41
-1826.42
-1826.51
-1826.83
-1826.89
-1826.99
-1826.73
-1826.39
-1826.69
-1826.67
-1826.21
-1826.87
-1826.38
-1826.99
-1826.63
-1826.41
-1826.77
-1826.26
-1826.61
-1826.58
-1827.06
-1826.68
-1826.57
-1826.63
-1826.88
-1826.5
-1826.42
-1826.5
-1826.25
-1826.04
-1826.61
-1826.45
-1823.93
-1827.02
-1826.96
-1825.83
-1826.7
