# loss
-5000.89
-5018.06
-5027.84
-5039.34
-5052.64
-5048.95
-5050.7
-5048.23
-5054.66
-5043.82
-5041.56
-5040.52
-5049.5
-5055.54
-5051.5
-5056.47
-5047.92
-5044.7
-5043.78
-5050.33
-5047.62
-5043.6
-5047.28
-5051.38
-5046.3
-5053.07
-5048.51
-5044.28
-5051.27
-5050.85
-5043.19
-5041.72
-5045.07
-5053.86
-5049.54
-5052.7
-5040.78
-5031.35
-5041.98
-5042.11
-5053.74
-5047.08
-5051.94
-5037.88
-5043.59
-5046.95
-5052.25
-5044.59
-5050.36
-5051.1
-5049.53
-5045.26
-5047.61
-5043.29
-5049.3
-5044.96
-5048.16
-5046.25
-5042.57
-5065.24
-5046.3
-5038.86
-5050.11
-5044.84
-5046.22
-5041.45
-5049.17
-5048.24
-5041.98
-5042.44
-5052.99
-5050.35
-5048.53
-5050.74
-5047.26
-5049.45
-5044.93
-5052.5
-5047.83
-5048.96
-5038.84
-5041.71
-5056.13
-5045.3
-5038.83
-5039.46
-5054.18
-5053.94
-5047.01
-5056.86
-5039.83
-5049.79
-5043.57
-5040.99
-5048.8
-5048.73
-5048.37
-5055.17
-5049.72
-5056.75
-5052.44
-5056.67
-5049.35
-5040.82
-5049.18
-5042.54
-5054.13
-5045.34
-5049.8
-5053.3
-5058.62
-5050.99
-5041.53
-5044.26
-5054.63
-5046.16
-5050.14
-5046.2
-5046.09
-5050.28
-5042.15
-5040.39
-5045.71
-5042.89
-5042.51
-5046.3
-5046.29
-5042.58
-5053.22
-5044.18
-5042.3
-5049.63
-5051.51
-5039.97
-5049.66
-5053.71
-5047.6
-5057.88
-5049.44
-5036.08
-5048.25
-5048.49
-5045.59
-5047.38
-5045.13
-5049.88
-5057.19
-5056.77
-5051.03
-5048.25
-5043.42
-5046.26
-5043.83
-5050.7
-5041.9
-5048.01
-5043.92
-5044.88
-5051.94
-5046.83
-5050.07
-5048.64
-5048.71
-5051.04
-5052.8
-5045.75
-5044.76
-5028.76
-5049.95
-5048.95
-5052.06
-5051.49
-5044.83
-5050.73
-5055.56
-5046.57
-5056.63
-5052.07
-5040.8
-5049.61
-5052.38
-5048.27
-5049.76
-5046.06
-5050.88
-5049.24
-5053.21
-5053.86
-5053.69
-5034.94
-5045.28
-5052
-5041.88
-5044.78
-5041.5
-5043.15
-5051.76
-5053.04
-5049.86
-5063.39
-5031.03
-5052.91
-5051.19
-5055.44
-5045.32
-5048.13
-5049.77
-5051.77
-5052.35
-5044.7
-5049.78
-5052.45
-5048.83
-5044.4
-5042.27
-5048.01
-5051.64
-5045.21
-5060.11
-5044.68
-5035.78
-5050.36
-5049.36
-5044.18
-5053.48
-5057.56
-5046.46
-5048.18
-5052.1
-5040.22
-5055.49
-5045.88
-5049.45
-5042.96
-5046.41
-5041.47
-5053.86
-5047.75
-5046.62
-5053.76
-5047.58
-5044.42
-5044.26
-5048.7
-5044.68
-5056
-5048.58
-5054.02
-5049.97
-5043.81
-5053.96
-5047.05
-5055.68
-5042.79
-5053.82
-5050.86
-5056.3
-5046.29
-5049.69
-5056.57
-5043.73
-5044.93
-5056.89
-5040.08
-5037.87
-5055.17
-5039.23
-5048.3
-5050.84
-5048.62
-5048.48
-5048.49
-5038.52
-5053.09
-5051.62
-5040.93
-5053.36
-5040.12
-5044.42
-5053.57
-5058.78
-5047.28
-5048.53
-5042.22
-5050.6
-5040.26
-5057.29
-5041
-5044.51
-5044.98
-5047.8
-5039.83
-5045.78
-5041.7
-5052.9
-5031.1
-5039.75
-5042.11
-5058.1
-5048.16
-5048.74
-5045.36
-5045.64
-5053.79
-5058.84
-5046.17
-5057.15
-5055.33
-5046.5
-5056.42
-5049.25
-5034.98
-5056.77
-5042.89
-5052.45
-5044.94
-5057.95
-5051.45
-5048.86
-5055.95
-5051.14
-5046.88
-5042.8
-5052.57
-5040.29
-5048.09
-5052.11
-5038.13
-5045.52
-5045.95
-5051.8
-5055.55
-5059.46
-5051.63
-5052.17
-5047.63
-5042.72
-5058.06
-5049.33
-5050.89
-5045.84
-5054.23
-5053.15
-5051.03
-5061.94
-5048.11
-5050.39
-5059.99
-5055.31
-5055.09
-5038.66
-5050.42
-5047.3
-5052.63
-5040.04
-5057.87
-5045.8
-5048.86
-5048.93
-5044.21
-5053.45
-5043.94
-5042.96
-5054.55
-5050.44
-5050.76
-5043.37
-5051.99
-5048.86
-5058.74
-5041.7
-5048
-5051.6
-5057.83
-5054.47
-5052.94
-5049.55
-5052.9
-5043.89
-5047.59
-5060.87
-5061.64
-5051.24
-5046.06
-5049.41
-5051.07
-5057.99
-5045.09
-5056.16
-5050.32
-5052.4
-5049.87
-5050.72
-5045.93
-5046.63
-5049.72
-5041.74
-5054.69
-5052.84
-5063.24
-5047.02
-5048.63
-5050.49
-5045.91
-5050.44
-5054.39
-5052.53
-5049.77
-5053.86
-5055.87
-5055.98
-5058.82
-5057.59
-5056.67
-5055.78
-5058.76
-5057.33
-5069.47
-5053.48
-5064.42
-5062.35
-5067.53
-5062.48
-5051.42
-5066.06
-5054.91
-5060.37
-5060.5
-5069.43
-5069.82
-5058.51
-5061.64
-5066.21
-5060.56
-5061.59
-5059.65
-5060.31
-5059.52
-5067.98
-5070.4
-5068.87
-5058.39
-5075.14
-5064.68
-5058.71
-5064.44
-5066.79
-5065.44
-5063.33
-5053.47
-5062.42
-5060.97
-5059.02
-5062.66
-5065.91
-5047.38
-5067.31
-5050.11
-5067.13
-5066.48
-5068.54
-5074.83
-5065.54
-5069.51
-5069.42
-5071.2
-5071.71
-5063.69
-5075.17
-5069.13
-5062.22
-5069.66
-5058.44
-5066.55
-5058.09
-5069.63
-5076.36
-5071.12
-5070.39
-5067.25
-5074.85
-5060.83
-5061.24
-5061.63
-5077.9
-5077.08
-5064.73
-5072.72
-5066.32
-5073.77
-5079.74
-5069.65
-5073.5
-5067.01
-5076.64
-5068.93
-5069.02
-5076.68
-5077.09
-5064.53
-5092.1
-5074.9
-5068.86
-5076.81
-5072.58
-5066.9
-5070.92
-5081.18
-5071.99
-5088.13
-5075.05
-5089.14
-5080.02
-5067.53
-5076.07
-5076.83
-5074.71
-5079.88
-5074.05
-5067.65
-5072.06
-5074.67
-5070.88
-5077.45
-5078.72
-5077.25
-5084.1
-5084.94
-5081.75
-5082.33
-5076.87
-5070.71
-5078.22
-5073.84
-5081.18
-5076.5
-5079.84
-5075.64
-5073.04
-5072.07
-5067
-5081.05
-5076.2
-5091.8
-5058.12
-5082.66
-5084.96
-5089.32
-5071.93
-5089.08
-5081.71
-5082.33
-5079.08
-5082.83
-5089.32
-5083.07
-5086.12
-5086.22
-5082.19
-5081.76
-5074.16
-5076.93
-5079.19
-5092.09
-5076.29
-5082.81
-5084.58
-5083.6
-5093.81
-5083.27
-5084.68
-5088.8
-5086.67
-5086.58
-5075.14
-5084.83
-5080.64
-5091.48
-5087.78
-5099.88
-5098.1
-5089.01
-5087.82
-5087.7
-5079.93
-5096.26
-5076.94
-5090.97
-5092.11
-5084.82
-5086.55
-5088.08
-5095.52
-5094.49
-5085.24
-5095.14
-5087.21
-5097.82
-5092.23
-5102.22
-5087.06
-5094.81
-5093.99
-5090.54
-5090.23
-5088.43
-5105.34
-5080.63
-5099.38
-5101.5
-5103.45
-5097.71
-5094.3
-5091.68
-5092.44
-5101.35
-5098.58
-5089.99
-5103.11
-5087.47
-5098.85
-5108.72
-5092.41
-5094.05
-5101.4
-5091.23
-5111.48
-5086.46
-5095.06
-5086.48
-5094.04
-5089.75
-5097.92
-5095.8
-5104.32
-5091.64
-5080.82
-5091.81
-5094
-5103.64
-5098.08
-5097.46
-5090.94
-5100.24
-5098.62
-5099.61
-5097.49
-5103.66
-5095.61
-5092.38
-5099.6
-5099
-5099.44
-5088.72
-5097.49
-5096.84
-5104.3
-5092.23
-5101.47
-5093.69
-5090.05
-5102.13
-5090.02
-5104.54
-5097.6
-5103.2
-5088.66
-5107.79
-5103.24
-5091.83
-5110.44
-5093.88
-5109.59
-5106.39
-5097.72
-5112.19
-5106.97
-5100.75
-5104.42
-5107.81
-5105.09
-5094.66
-5103.6
-5095.32
-5105.1
-5096.98
-5102.21
-5102.1
-5109.38
-5104.64
-5096.82
-5097.01
-5103.89
-5106.88
-5104.14
-5106.71
-5101.64
-5105.54
-5108.94
-5093.67
-5099.99
-5107.42
-5103.03
-5095
-5114.44
-5100.46
-5109.49
-5107.21
-5107.44
-5098.2
-5104.88
-5108.13
-5106.22
-5101.73
-5105.35
-5109.21
-5110.67
-5096.22
-5110.43
-5106.43
-5110.34
-5100.49
-5101.9
-5105.46
-5109.25
-5101.85
-5113.72
-5105.19
-5102.77
-5105.17
-5112.23
-5104.84
-5119.48
-5095.84
-5106.12
-5103.91
-5102.29
-5106.79
-5099.89
-5103.67
-5103.53
-5100.9
-5108.61
-5099.13
-5103.42
-5103.77
-5109.04
-5106.28
-5103.38
-5117.04
-5109.93
-5101.28
-5097.39
-5113.75
-5100.3
-5101.04
-5098.62
-5103.9
-5101.3
-5113.23
-5097.03
-5106.71
-5116.34
-5106.1
-5107.64
-5098.79
-5109.88
-5110.24
-5110.18
-5103.49
-5103.77
-5115.43
-5103.76
-5115.62
-5104.55
-5116.11
-5112.3
-5107.37
-5099.75
-5111.14
-5104.13
-5109.22
-5109.9
-5100.99
-5096.52
-5100.23
-5101.41
-5119.51
-5109.45
-5108.18
-5110.5
-5109.89
-5110.55
-5102.1
-5109.85
-5110.74
-5111.58
-5113.64
-5099.4
-5106.93
-5110.32
-5100.86
-5108.83
-5107.5
-5117.78
-5101.93
-5111.38
-5116.12
-5111.37
-5106.6
-5105.28
-5101.22
-5096
-5110.06
-5109.13
-5106.48
-5114.25
-5103
-5101.88
-5105.74
-5109.51
-5118.44
-5115.81
-5112.8
-5100.6
-5113.91
-5106.15
-5112.22
-5106.48
-5100
-5106.44
-5111.99
-5117.57
-5110.73
-5105.86
-5106.91
-5108.66
-5111.58
-5107.42
-5111.77
-5103.89
-5111.39
-5113.88
-5116.45
-5106.52
-5112.76
-5108.27
-5107.08
-5114.65
-5111.64
-5105.4
-5107.63
-5120.12
-5118.81
-5107.94
-5114.25
-5113.56
-5114.31
-5108.52
-5116.62
-5114.15
-5124.71
-5115.08
-5112.65
-5103.41
-5111.03
-5115.28
-5123.53
-5111.38
-5113.53
-5118.13
-5117.05
-5117.51
-5119.72
-5119.88
-5112.24
-5113.67
-5116.9
-5118.49
-5119.5
-5116.33
-5116.69
-5112.38
-5108.57
-5113.21
-5116.63
-5122.35
-5120.1
-5123.92
-5102.65
-5117.16
-5115.54
-5118.51
-5111.23
-5106.73
-5104.42
-5114.34
-5118.04
-5126.87
-5116.29
-5113.25
-5117.12
-5113.7
-5120.07
-5111.8
-5117.08
-5115.76
-5110.83
-5116.54
-5114.72
-5121.73
-5117.27
-5112.86
-5123.41
-5109.45
-5115.19
-5120.01
-5102.37
-5115.32
-5117.85
-5119.38
-5116.88
-5118.04
-5110.48
-5123.3
-5111.38
-5115.26
-5114.83
-5123.49
-5112.77
-5110.82
-5120.88
-5116.19
-5116.32
-5116.77
-5113.35
-5115.06
-5124.21
-5113.1
-5123.77
-5115.46
-5107.67
-5115.33
-5113.66
-5116.18
-5120.61
-5121.65
-5124.85
-5110.25
-5118.76
-5122.86
-5116.34
-5122.61
-5113.02
-5113.55
-5119.9
-5116.4
-5118.23
-5121.95
-5113.15
-5126.29
-5112.79
-5125.08
-5120.08
-5125.27
-5117.32
-5111.5
-5114.35
-5120.63
-5115.99
-5113.9
-5120.23
-5109.84
-5117.67
-5123.01
-5110.07
-5119.81
-5118.52
-5115.15
-5117.96
-5117.27
-5118.36
-5116.85
-5119.16
-5118.3
-5124.34
-5111.6
-5120.73
-5117.68
-5115.36
-5120.3
-5115.12
-5124
-5118.58
-5114.18
-5118.14
-5119.19
-5114.22
-5124.8
-5125.79
-5113.07
-5108.55
-5112.82
-5118.81
-5119.31
-5115.93
-5124.09
-5115.8
-5108.36
-5123.97
-5117.83
-5117.07
-5112.06
-5119.19
-5112.83
-5114.84
-5127.26
-5114.48
-5105.3
-5121.05
-5131.94
-5125.7
-5115.29
-5116.3
-5121.37
-5115.29
-5133.94
-5120.21
-5119.15
-5115.29
-5125.95
-5110.94
-5132.78
-5119.55
-5110.4
-5124.65
-5129.74
-5122.8
-5116.04
-5123.32
-5117.72
-5132.88
-5119.17
-5124.03
-5113.02
-5118.43
-5121.22
-5118.66
-5118.84
-5112.96
-5124.57
-5123.88
-5115.99
-5117.59
-5124.16
-5116.38
-5128.38
-5120.96
-5118.72
-5127.45
-5127.33
-5124.22
-5124.83
-5124.3
-5124.41
-5116.54
-5123.81
-5119.59
-5133.7
-5125.19
-5120.5
-5125.94
-5123.49
-5118.57
-5119.15
-5116.87
-5121.91
-5119.27
-5122.26
-5125.09
-5128.08
-5127.24
-5115.24
-5121.73
-5131.49
-5117.3
-5119.19
-5125.43
-5120.98
-5104.94
-5115.59
-5120.31
-5114.4
-5117.57
-5123.22
-5124.79
-5117.18
-5111.61
-5117.86
-5116.64
-5119.64
-5120.33
-5124.91
-5120.35
-5126.05
-5129.39
-5117.33
-5122.95
-5122.78
-5131.56
-5126.01
-5122.02
-5126.22
-5116.92
-5127.03
-5116.46
-5130.67
-5121.3
-5125.52
-5121.31
-5118.32
-5125.65
-5130.83
-5131.22
-5124.42
-5134
-5123.52
-5116.99
-5111.51
-5121.25
-5113.95
-5126.22
-5118.3
-5124.88
-5124.86
-5127.38
-5125.5
-5129.4
-5132.36
-5130.25
-5120.75
-5124.6
-5120.64
-5128.78
-5134.14
-5122.82
-5130.26
-5123.66
-5130.88
-5120.74
-5126.06
-5123.22
-5125.38
-5132.12
-5130.08
-5118.19
-5112.68
-5121.46
-5125.94
-5129.08
-5127.14
-5117.66
-5133.71
-5119.82
-5116.11
-5129.46
-5132.1
-5128.14
-5121
-5123.32
-5126.83
-5135.46
-5126.63
-5122.9
-5131.79
-5124.1
-5126.78
-5129.75
-5126.15
-5126.99
-5116.34
-5133.35
-5126.19
-5127.68
-5126.72
-5133.18
-5120.79
-5121.77
-5122.74
-5128.18
-5117.98
-5132.66
-5122.82
-5130.02
-5124.78
-5129.41
-5126.65
-5134.17
-5123.6
-5124.58
-5143.87
-5130.08
-5125.17
-5139.14
-5134.74
-5134.64
-5137.17
-5128.22
-5134.97
-5140.72
-5134.22
-5142.51
-5142.48
-5130.66
-5128.27
-5138.87
-5132.42
-5138.63
-5131.09
-5139.71
-5133.28
-5136.06
-5136.16
-5128.05
-5136.4
-5143.71
-5145.46
-5133.48
-5143.1
-5134.25
-5139
-5144.41
-5145.08
-5125.04
-5108.66
-5139.14
-5114.57
-5147.38
-5140.63
-5130.54
-5136.95
-5150.89
-5147.28
-5135.21
-5132.65
-5138.57
-5136.28
-5138.46
-5136.88
-5139.22
-5134.44
-5137.61
-5143.29
-5142.15
-5147.77
-5139.76
-5144.39
-5137.18
-5150.6
-5151.25
-5147.65
-5151.53
-5148.61
-5152.29
-5153.7
-5152.04
-5132.31
-5094.7
-5139.58
-5130.25
-5136.42
-5144.56
-5140.76
-5140.92
-5153.25
-5160.38
-5143.44
-5134.69
-5144.04
-5143.77
-5132.24
-5144.85
-5143.92
-5147.24
-5140.49
-5148.13
-5147.55
-5154.26
-5145.66
-5146.78
-5147.06
-5150.94
-5156.34
-5145.54
-5147.08
-5150.7
-5154.27
-5159.4
-5145.93
-5161.44
-5153.61
-5160.57
-5164.35
-5153.77
-5155.63
-5157.16
-5165.55
-5167.75
-5161.94
-5159.69
-5163.91
-5158.18
-5158.81
-5160.34
-5141.19
-5148.47
-5146.21
-5147.76
-5162.71
-5146.27
-5150.25
-5156.53
-5151.58
-5151.26
-5149.03
-5151.91
-5155.85
-5163.56
-5146.52
-5154.1
-5160.34
-5155.07
-5160.02
-5157.66
-5161.23
-5145.81
-5167.65
-5162.08
-5150.94
-5158.15
-5151.93
-5154.53
-5153.56
-5164.69
-5159.67
-5157.25
-5157.8
-5158.85
-5150.5
-5159.19
-5161.98
-5151.52
-5164.96
-5155.35
-5154.62
-5156.15
-5163.9
-5151.97
-5162.59
-5169.57
-5163.56
-5161.54
-5158.14
-5153.26
-5155.83
-5166.59
-5157.63
-5161.35
-5154.15
-5161.4
-5161.15
-5164.66
-5163.23
-5167.47
-5165.54
-5158.8
-5165.31
-5164.11
-5154.79
-5158.57
-5158.47
-5162.42
-5154.35
-5161.75
-5159.72
-5158.71
-5162.8
-5159.06
-5168.57
-5152.4
-5164.11
-5158
-5160.96
-5157.51
-5156.29
-5160.6
-5161.53
-5172.47
-5154.37
-5161.12
-5165.57
-5168.7
-5160.13
-5157.92
-5159.05
-5168.25
-5159.32
-5165.49
-5161.71
-5164.11
-5161.26
-5157.9
-5167.86
-5153.74
-5158.09
-5163.84
-5164.41
-5159.99
-5163.59
-5157.35
-5166.2
-5155.62
-5155
-5151.88
-5164.52
-5171.78
-5158.4
-5161.27
-5168.35
-5164.18
-5164.02
-5173.22
-5160.14
-5162.96
-5165.97
-5164.26
-5162.16
-5158.59
-5166.87
-5172.93
-5162.41
-5153.69
-5167.08
-5162.62
-5164.79
-5169.43
-5162.23
-5158.67
-5162.12
-5152.86
-5166.62
-5161.63
-5156.74
-5163.7
-5164.01
-5163.03
-5160.52
-5160.72
-5173.23
-5164.86
-5177.05
-5165.96
-5161.46
-5162.72
-5167.4
-5162.15
-5157.04
-5175.22
-5165.17
-5160.75
-5171.39
-5172.26
-5168.52
-5159.83
-5160.39
-5160.43
-5152.08
-5159.63
-5165.99
-5159.79
-5167.42
-5164.38
-5178.55
-5167.56
-5157.08
-5157.34
-5164.59
-5175.44
-5163.45
-5164.67
-5158.51
-5171.45
-5164.96
-5158.45
-5163.22
-5154.94
-5168.65
-5161.85
-5166.2
-5167.8
-5169.82
-5159.74
-5166.12
-5167.02
-5172.26
-5164.47
-5155.46
-5175.85
-5164.77
-5169.82
-5164.91
-5169.07
-5167.21
-5167.2
-5165.49
-5165.13
-5158.49
-5170.12
-5173.75
-5174.38
-5172.81
-5161
-5170.86
-5176.81
-5171.07
-5165.45
-5173.62
-5167.44
-5168.07
-5157.68
-5158.77
-5164.13
-5166.22
-5166.54
-5156.08
-5160.45
-5151.84
-5161.86
-5154.76
-5166.63
-5166.9
-5167.15
-5168.83
-5168.38
-5162.47
-5169.76
-5165.14
-5166.81
-5159.16
-5163.12
-5160.28
-5172.02
-5156.83
-5163.27
-5162.58
-5165.34
-5160.96
-5165.79
-5159.92
-5161.92
-5163.43
-5152.42
-5168.72
-5164.3
-5162.95
-5155.02
-5167.35
-5174.88
-5164.2
-5170.43
-5171.73
-5158.91
-5158.42
-5165.41
-5161.35
-5166.96
-5167.55
-5155.17
-5168.89
-5171.6
-5175.26
-5163.17
-5170.12
-5175.28
-5160.74
-5165.33
-5166.19
-5176.84
-5162.63
-5171.62
-5175.91
-5170.96
-5162.78
-5159.72
-5160.87
-5172.57
-5168.95
-5162.02
-5170.39
-5161.78
-5169.28
-5162.87
-5163
-5162.67
-5169.09
-5170.93
-5169.27
-5161.67
-5170.47
-5170.18
-5169.98
-5173.62
-5162.79
-5165.08
-5165.73
-5172.97
-5161.03
-5164.7
-5166.02
-5167.81
-5166.87
-5169.64
-5168.44
-5163.15
-5167.75
-5169.86
-5173.57
-5161.38
-5162.57
-5169.51
-5169.08
-5162.03
-5163.35
-5175.17
-5168.28
-5167.45
-5165.28
-5169.83
-5165.73
-5171.55
-5165.98
-5168.85
-5165.86
-5162.12
-5168.44
-5165.69
-5159.87
-5161.06
-5158.37
-5167.02
-5164.21
-5170.05
-5161.53
-5158.3
-5168.16
-5159.71
-5173.72
-5169.12
-5169.4
-5169.35
-5164.17
-5163.12
-5163.4
-5164.33
-5172.4
-5166.66
-5160.79
-5173.18
-5161.05
-5166.03
-5162.94
-5164.03
-5154.96
-5173.27
-5167.98
-5163.97
-5166.41
-5172.26
-5174.61
-5164.71
-5167.33
-5163.19
-5174.04
-5165.8
-5166.06
-5161.95
-5171.8
-5160.8
-5172.52
-5161.6
-5170.3
-5172.36
-5155.15
-5160.66
-5170.87
-5176.63
-5165.37
-5163.28
-5167.18
-5170.68
-5151.48
-5171.75
-5168.66
-5171.47
-5158.33
-5169.21
-5167.81
-5164.16
-5168.85
-5175.76
-5165.55
-5172.8
-5173.32
-5163.84
-5172.02
-5167.2
-5172.55
-5170.42
-5163.92
-5159.07
-5163.69
-5160.45
-5177.95
-5173.41
-5166.75
-5168.52
-5158.38
-5161.79
-5165.83
-5169.91
-5165.64
-5172.72
-5170.83
-5172.72
-5169.7
-5173.59
-5168.16
-5170.92
-5165.93
-5175.12
-5163.63
-5169.59
-5170.91
-5174.07
-5168.2
-5169.45
-5168.07
-5165.81
-5157.82
-5167.05
-5173.74
-5178.26
-5167.33
-5168.04
-5162.14
-5161.02
-5166.06
-5159.99
-5168.69
-5164.56
-5162.11
-5161.48
-5168.09
-5165.04
-5168.63
-5164.55
-5169.08
-5156.31
-5172.85
-5162.49
-5161.21
-5167.47
-5162.36
-5159.49
-5170.35
-5168.68
-5160.45
-5168.58
-5168.55
-5174.06
-5165.79
-5164.19
-5171.43
-5159.06
-5166.57
-5172.35
-5173.34
-5173.27
-5166.44
-5167.45
-5164.13
-5170.91
-5172.54
-5174.17
-5163.6
-5164.73
-5159.64
-5169.45
-5169.21
-5172.49
-5171.92
-5167.71
-5169.49
-5168.69
-5165.89
-5170.4
-5169.24
-5177.2
-5167.41
-5176.11
-5167.3
-5176.61
-5170.4
-5162.3
-5172.86
-5165
-5173.35
-5173.58
-5174.55
-5162.68
-5175.67
-5169.68
-5175
-5179.6
-5166.82
-5169.65
-5168.36
-5175.17
-5166.21
-5172.76
-5178.56
-5178.04
-5166.12
-5179.02
-5176.17
-5163.79
-5174.22
-5167.94
-5169.49
-5167.34
-5157.5
-5181
-5173.23
-5172.28
-5178.16
-5176.76
-5180.54
-5168.51
-5171.39
-5174.08
-5183.63
-5168.86
-5174.22
-5177.77
-5170.96
-5175.67
-5163.3
-5168.85
-5173.79
-5180.09
-5161.49
-5170.32
-5174.37
-5179.21
-5175.42
-5173.64
-5174.97
-5173.7
-5168.7
-5176.08
-5180.55
-5170.78
-5171.96
-5181.61
-5164.34
-5187.89
-5174.61
-5169.57
-5173.05
-5174.85
-5176.04
-5177.61
-5168.99
-5179.35
-5179.36
-5180.8
-5183.3
-5182.74
-5173.04
-5177.99
-5169.33
-5178.1
-5178.06
-5169.99
-5166.05
-5179.14
-5175
-5183.71
-5180.05
-5179.34
-5164.83
-5170.17
-5178.05
-5171.04
-5175.29
-5181.68
-5175.08
-5175.79
-5180.45
-5185.27
-5181.02
-5169.94
-5177.92
-5181.96
-5179.54
-5175.75
-5175.46
-5175.38
-5185.12
-5174.63
-5186.56
-5180.83
-5180.94
-5179.46
-5173.08
-5179.58
-5186.33
-5176.94
-5177.04
-5181.89
-5182.34
-5168.66
-5187.6
-5172
-5188.94
-5181.12
-5184.11
-5182.78
-5191.52
-5180.28
-5183.55
-5183.02
-5193.02
-5182.3
-5186.46
-5185.93
-5189.01
-5175.22
-5189.1
-5183.33
-5181.21
-5183.95
-5185.41
-5190.68
-5184.56
-5182.33
-5183.68
-5178.95
-5194.98
-5192.4
-5196.78
-5193.76
-5180.86
-5173.68
-5187.35
-5181.12
-5185.78
-5187.66
-5186.59
-5177.2
-5190.77
-5183.12
-5183.08
-5176.13
-5184.78
-5187.91
-5182.23
-5191.28
-5186.04
-5178.26
-5194.43
-5183.95
-5188.74
-5190.61
-5193.44
-5189.76
-5188.94
-5189.69
-5186.04
-5186.79
-5175.66
-5189.49
-5172.07
-5190.6
-5175.06
-5192.47
-5186.78
-5189.02
-5189.1
-5186.85
-5187.42
-5184.23
-5188.8
-5189.64
-5192.96
-5196.5
-5192.98
-5203.88
-5186.63
-5191.84
-5195.65
-5192.91
-5197.25
-5192.53
-5198.46
-5192.42
-5192
-5194.19
-5178.29
-5192.73
-5182.9
-5196.77
-5190.41
-5199.64
-5186.09
-5196.75
-5198.21
-5197.68
-5204.95
-5185.58
-5200.26
-5189.62
-5194.29
-5192.93
-5196.75
-5200.27
-5188.07
-5206.05
-5198.13
-5205.36
-5206.53
-5207.13
-5201.44
-5198.16
-5194.96
-5204.18
-5203.4
-5191.78
-5196.96
-5200.25
-5198.74
-5201.3
-5190.75
-5197.11
-5200.81
-5207.66
-5206.49
-5207.35
-5208.5
-5209.25
-5199.03
-5207.24
-5203.66
-5206.73
-5205.04
-5196.14
-5210.1
-5191.96
-5213.18
-5210.9
-5202.65
-5207.07
-5212.47
-5203.74
-5211.43
-5208.94
-5209.79
-5208.85
-5210.8
-5216.94
-5207.6
-5214.85
-5213.48
-5215
-5211.78
-5208.7
-5212.61
-5215.52
-5212.91
-5215.94
-5220.4
-5206.67
-5211.44
-5212.93
-5208.01
-5212.05
-5216.09
-5219.5
-5209.39
-5206.59
-5217.12
-5209.19
-5197.81
-5207.81
-5207.57
-5214.26
-5225.71
-5219.62
-5230.75
-5208.04
-5218.71
-5219.5
-5219.32
-5225.3
-5225.26
-5220.27
-5217.46
-5215.85
-5221.6
-5222.83
-5212.27
-5216.2
-5215.84
-5207.59
-5210.81
-5220.6
-5216.74
-5217.61
-5221.27
-5226.28
-5219.96
-5217.79
-5213.32
-5220.61
-5218.9
-5221.86
-5218.82
-5217.13
-5222.22
-5216.38
-5217.59
-5216.85
-5230.52
-5223.04
-5219.88
-5224.38
-5222.13
-5225.04
-5223.52
-5221.17
-5224.97
-5218.89
-5220.13
-5226.84
-5218.03
-5224.24
-5219.76
-5225.46
-5223.72
-5218.34
-5225.54
-5217.64
-5228.54
-5219.78
-5225.49
-5226.42
-5219.53
-5219.18
-5223.15
-5223.53
-5232.27
-5216.33
-5221.79
-5216.05
-5220.64
-5218.71
-5224.25
-5225.13
-5218.95
-5216.15
-5218.99
-5225.56
-5222.61
-5220.67
-5228.7
-5220.91
-5224.99
-5226.65
-5217.76
-5223.13
-5225.93
-5226.23
-5227.57
-5229.38
-5228.6
-5224.42
-5228.22
-5228.23
-5223.58
-5221.78
-5220.71
-5226.74
-5227.13
-5224.59
-5225.59
-5226.44
-5221.82
-5225.14
-5221.87
-5229.1
-5220.63
-5224.23
-5219.48
-5228.97
-5220.35
-5221.55
-5221.29
-5228.09
-5217.73
-5225.78
-5231.08
-5224.5
-5230.28
-5222.6
-5224.85
-5225.43
-5220.97
-5219.4
-5227.51
-5227.08
-5230.04
-5224.04
-5230.94
-5225.46
-5228.48
-5222.34
-5229.77
-5229.08
-5230.24
-5228.18
-5226.55
-5225.81
-5227.38
-5230.5
-5235.69
-5226.51
-5233.15
-5226.84
-5229.87
-5233.1
-5231.23
-5230.57
-5235.35
-5230.52
-5232.76
-5227.41
-5222.51
-5230.77
-5233.57
-5228.65
-5226.17
-5227.74
-5225.19
-5241.65
-5225.61
-5232.11
-5232.49
-5229.33
-5225.34
-5227.99
-5231.11
-5220.98
-5225.8
-5228.9
-5233.64
-5230.73
-5234.92
-5228.25
-5232.09
-5231.63
-5232.56
-5230.71
-5230.66
-5228.85
-5234.37
-5225.34
-5234.28
-5232.55
-5232.86
-5230.11
-5236.17
-5235.31
-5235.11
-5239.52
-5234.07
-5232.77
-5228.31
-5237.04
-5234.52
-5231.73
-5232.62
-5235.06
-5236.35
-5235.31
-5232.76
-5231.67
-5235.35
-5236.27
-5236.29
-5235.09
-5233.48
-5243.05
-5234.83
-5236.94
-5222.86
-5232.12
-5237.32
-5239.75
-5235.58
-5236.83
-5233.92
-5232.5
-5242.11
-5230.72
-5237.29
-5235.83
-5235.43
-5238.68
-5225.28
-5233.06
-5239.94
-5233.05
-5214.94
-5227.09
-5233.4
-5238.17
-5224.47
-5235.12
-5235.79
-5230.17
-5238.33
-5235.07
-5239.4
-5235.97
-5237.44
-5244.22
-5238.94
-5246.24
-5240.32
-5249.22
-5239.78
-5243.75
-5241.98
-5241.67
-5238.65
-5246.68
-5239.39
-5243.35
-5248.67
-5239.53
-5255.76
-5251.31
-5253.84
-5254.93
-5253.81
-5249.39
-5257.39
-5248.35
-5258.68
-5246.04
-5244.6
-5252.66
-5246.01
-5245.06
-5249.17
-5246.98
-5236.07
-5253.13
-5248.3
-5247.99
-5256.43
-5261.06
-5259.72
-5247.61
-5258.72
-5264.37
-5263.17
-5258.12
-5262.61
-5264.91
-5261.88
-5255.58
-5253.2
-5263.14
-5273.53
-5252.63
-5262.43
-5263.18
-5264.67
-5263.01
-5266.77
-5265.63
-5268.43
-5267.9
-5271.38
-5269.59
-5272.22
-5266.14
-5262.79
-5271.61
-5266.67
-5266.83
-5273.08
-5275.41
-5269.21
-5278.85
-5276.24
-5277.24
-5278.99
-5277.55
-5283.42
-5283.01
-5285
-5283.58
-5283.12
-5285.65
-5282.94
-5279.57
-5280.28
-5284.71
-5287.25
-5287.76
-5289.05
-5292.6
-5288.15
-5286.86
-5279.93
-5255.36
-5211.48
-5239.54
-5257.79
-5269.59
-5246.59
-5275.89
-5261.32
-5265.87
-5274.05
-5268
-5261.09
-5276.11
-5271.77
-5272.86
-5279.14
-5278.94
-5275.3
-5282.46
-5279.34
-5277.26
-5285.57
-5283.8
-5283.39
-5285.35
-5284.29
-5282.44
-5290.21
-5288.14
-5289.05
-5281.83
-5288.14
-5290.56
-5289.91
-5291.17
-5292.09
-5293.79
-5287.49
-5291.29
-5293.32
-5291.98
-5293.67
-5294.22
-5291.6
-5292.55
-5293.34
-5296.49
-5294.34
-5296.03
-5295.88
-5295.4
-5294.34
-5291.45
-5293
-5296.48
-5293.76
-5296.97
-5295.35
-5295.81
-5292.87
-5293.3
-5294.07
-5298.21
-5297.45
-5295.35
-5297.1
-5298.89
-5297.16
-5296.34
-5296.95
-5296.07
-5298.9
-5298.12
-5294.69
-5298.51
-5297.07
-5296.98
-5298.27
-5295.94
-5297.37
-5296.49
-5297.81
-5296.14
-5299
-5296.04
-5298.43
-5295.34
-5294.47
-5299.05
-5298.99
-5295.76
-5296.83
-5297.49
-5296.68
-5295.28
-5295.96
-5296.98
-5293.81
-5297.09
-5294.97
-5297.22
-5296.71
-5297.61
-5300.47
-5299.36
-5298.66
-5298.1
-5302.05
-5299
-5301.88
-5295.31
-5296.9
-5298.1
-5297.31
-5297.1
-5297.55
-5295.34
-5297.76
-5298.64
-5298.8
-5297.36
-5298.54
-5301.05
-5297.88
-5299.16
-5296.6
-5296.95
-5300.56
-5299.69
-5299.53
-5299.41
-5298.69
-5298.97
-5301.38
-5299.04
-5300.15
-5298.48
-5299.98
-5301.13
-5299.07
-5298.05
-5301.46
-5299.83
-5302.33
-5297.88
-5299.51
-5300.76
-5300.25
-5300.42
-5299.64
-5300.68
-5300.26
-5299.75
-5297.94
-5300.3
-5298.04
-5299.17
-5300.78
-5302.34
-5300.56
-5299.9
-5298.53
-5299.72
-5301.6
-5299.78
-5300.4
-5299.07
-5300.07
-5300.87
-5302.7
-5299
-5301.95
-5297.81
-5300.62
-5300.33
-5300.75
-5300.28
-5303.06
-5300.33
-5301.09
-5298.87
-5301.05
-5298.16
-5297.83
-5301.3
-5300.56
-5302.4
-5301
-5301.91
-5302.52
-5300.71
-5301.82
-5300.54
-5300.91
-5302.34
-5300.02
-5301.56
-5300.45
-5299.73
-5300.58
-5302.5
-5302.71
-5299.9
-5300.99
-5301.08
-5303.19
-5300.74
-5300.09
-5300.15
-5301.37
-5302.32
-5302.64
-5298.95
-5302.07
-5302.07
-5302.62
-5302.01
-5301.36
-5299.81
-5301.66
-5298.97
-5299.08
-5301.84
-5300.46
-5303.51
-5302.6
-5300.67
-5300.99
-5297.88
-5301.5
-5297.92
-5300.17
-5299.77
-5300.09
-5302.91
-5299.26
-5303.17
-5299.2
-5301.14
-5302.78
-5299.76
-5302.4
-5300.43
-5301.83
-5299.37
-5302.75
-5302.21
-5301.19
-5301.95
-5302.59
-5305.59
-5300.66
-5302.34
-5302.4
-5303.98
-5302
-5302.36
-5301.28
-5301.92
-5302.39
-5300.85
-5302.09
-5302.36
-5302.24
-5300.86
-5300.38
-5302.9
-5301.72
-5301.95
-5302.14
-5302.39
-5301.12
-5303.82
-5300.04
-5300.92
-5301.62
-5302.7
-5301.48
-5303.62
-5304.98
-5302.92
-5303.82
-5302.8
-5303.15
-5302.49
-5301.85
-5304.01
-5303.28
-5304.13
-5302.58
-5301.33
-5301.72
-5304.12
-5299.14
-5302.94
-5302.17
-5304.04
-5303.12
-5298.97
-5301.95
-5301.62
-5302.42
-5302.16
-5302.68
-5303.16
-5302.22
-5303.22
-5302.12
-5302.29
-5302.5
-5301.71
-5302.72
-5301.79
-5301.6
-5303.04
-5301.75
-5304.91
-5301.07
-5302.88
-5303.44
-5303.7
-5301.21
-5303.36
-5302
-5299.93
-5302.08
-5301.53
-5301.82
-5303.12
-5301.07
-5304.78
-5303.72
-5305.23
-5303.02
-5304.73
-5301.6
-5304.4
-5302.05
-5304.49
-5301.96
-5300.54
-5298.78
-5301.96
-5302.36
-5302.84
-5303.18
-5301.61
-5303.82
-5301.04
-5302.89
-5302.92
-5301.73
-5302.74
-5302.75
-5306.37
-5302
-5302.36
-5302.23
-5305.19
-5300.09
-5301.97
-5301.17
-5304.97
-5301.33
-5300
-5302.36
-5303.17
-5302.28
-5302.88
-5304.83
-5299.28
-5303.62
-5299.43
-5298.5
-5301.72
-5299.84
-5303.37
-5302.59
-5303.91
-5302.76
-5303.83
-5303.46
-5300.64
-5303.59
-5301.56
-5303.84
-5301.2
-5305.24
-5303.78
-5304.52
-5302.45
-5303.27
-5303.9
-5305.62
-5305.15
-5302.12
-5301.76
-5303.33
-5302.58
-5303.89
-5304.11
-5305.41
-5304.02
-5303.1
-5303.85
-5301.12
-5303.92
-5303.3
-5303.87
-5302.43
-5304.58
-5303.46
-5302.83
-5304.12
-5304.29
-5300.97
-5303.74
-5302.9
-5305.19
-5303.06
-5304.98
-5304.43
-5302.06
-5302.39
-5302.71
-5303.08
-5298.94
-5302.49
-5301.78
-5304.58
-5304.26
-5301.56
-5302.96
-5303.05
-5305.28
-5305.78
-5303.93
-5304.34
-5300.58
-5305.28
-5304.9
-5304.27
-5303.27
-5302.01
-5302.25
-5304.77
-5303.38
-5304.43
-5304.46
-5302.87
-5304.98
-5305.94
-5302.01
-5305.59
-5304.6
-5302.47
-5303.3
-5304.44
-5305.13
-5305.02
-5303.86
-5304.94
-5303.37
-5304.4
-5306.46
-5305.65
-5303.06
-5303.8
-5303.01
-5304.96
-5304.21
-5304.46
-5303.92
-5304.17
-5304.85
-5303.28
-5303.96
-5302.46
-5303.5
-5302.98
-5305.89
-5305
-5304.34
-5304.31
-5303.2
-5302.76
-5303.75
-5305.84
-5304.75
-5302.61
-5304.66
-5306.3
-5305.59
-5305.95
-5305.02
-5304.95
-5306.41
-5304.38
-5305.68
-5303.81
-5304.86
-5301.03
-5304.5
-5303.3
-5306.85
-5301.46
-5304.17
-5302.91
-5302.98
-5303.79
-5303.62
-5302.16
-5303.86
-5302.9
-5301.69
-5305.93
-5303.42
-5303.61
-5301.83
-5303.94
-5302.31
-5302.78
-5305.76
-5305.4
-5300.92
-5305.42
-5303.95
-5305.53
-5305.02
-5303.5
-5304.7
-5304.13
-5302.7
-5302.43
-5305.25
-5303.42
-5301.79
-5304.01
-5304.95
-5303.53
-5303.31
-5302.76
-5301.67
-5304.89
-5305.11
-5300.38
-5302.45
-5302.13
-5303.65
-5302.38
-5307.05
-5302.97
-5303.43
-5301.57
-5304.81
-5302.26
-5306.56
-5303.24
-5304.35
-5301.78
-5304.16
-5305.69
-5305.17
-5304.19
-5302.03
-5306.97
-5303.05
-5304.17
-5304.33
-5305.22
-5306.77
-5304
-5303.82
-5306.07
-5303.85
-5305.41
-5304.48
-5304.29
-5303.88
-5305.5
-5304.68
-5302.69
-5301.82
-5305.16
-5304.09
-5303.84
-5303.78
-5303.73
-5304.14
-5302.67
-5304.19
-5303.38
-5302.78
-5305.02
-5304.14
-5301.24
-5302.5
-5302.83
-5305.07
-5304.91
-5304.36
-5304.89
-5304.62
-5303.25
-5305.82
-5303.19
-5305.73
-5305.96
-5305.13
-5304.53
-5305.08
-5303.94
-5304.6
-5303.14
-5304.33
-5305.15
-5305.53
-5303.23
-5304.17
-5304.44
-5302.93
-5303.36
-5301.95
-5304.33
-5303.96
-5303.02
-5304
-5304.7
-5305.43
-5303.1
-5305.96
-5302.86
-5304.38
-5304.23
-5303.82
-5302.83
-5305.21
-5306.26
-5304.56
-5305
-5304.75
-5302.51
-5301.63
-5302.81
-5302.59
-5304.48
-5302.04
-5304.95
-5305.4
-5303.85
-5304.17
-5302.73
-5303.43
-5304.2
-5305.07
-5301.66
-5303.25
-5305.23
-5304.92
-5304.43
-5303.14
-5304.17
-5304.02
-5303.06
-5305.92
-5302.81
-5303.96
-5305.09
-5303.35
-5306.15
-5301.83
-5304.34
-5305.49
-5305.44
-5304.17
-5305.53
-5304.29
-5305.42
-5304.65
-5305.31
-5306.62
-5305.49
-5305.31
-5303.64
-5305.68
-5306.39
-5304.25
-5305.67
-5302.48
-5303.99
-5304.74
-5304.54
-5305.03
-5303.33
-5304.49
-5302.64
-5305.59
-5305.92
-5303.51
-5305.65
-5303.53
-5305.88
-5305.29
-5302.58
-5302.9
-5304.65
-5303.77
-5304.59
-5302.28
-5303.46
-5304.54
-5303.52
-5304.44
-5303.65
-5302.8
-5304.35
-5303.17
-5305.38
-5303.66
-5305.41
-5307.08
-5302.5
-5303.57
-5304.27
-5304.61
-5305.94
-5303.88
-5305.99
-5303.47
-5304.78
-5303.36
-5304.83
-5305.02
-5304.57
-5303.94
-5303.59
-5304.02
-5306.66
-5304.08
-5304.16
-5305.41
-5306.27
-5304.18
-5303.98
-5304.47
-5304.34
-5305.28
-5304.62
-5301.5
-5305.59
-5301.68
-5304.02
-5305.78
-5303.2
-5305.15
-5304.2
-5303.37
-5306.19
-5305.17
-5305.54
-5304.7
-5305.37
-5305.71
-5305.36
-5305.06
-5303.58
-5306.51
-5304.24
-5305.31
-5306.34
-5304.04
-5305.11
-5306.07
-5305.89
-5306.66
-5304.95
-5305.44
-5303.49
-5304.99
-5306.63
-5305.34
-5304.85
-5305.66
-5305.41
-5306.68
-5306.67
-5304.93
-5305.17
-5306.73
-5306.82
-5303.96
-5306.36
-5304.16
-5304.35
-5304.26
-5306.48
-5305.21
-5303.49
-5305.43
-5306.85
-5304.16
-5304.32
-5304.5
-5305.5
-5303.79
-5304.83
-5301.12
-5305.01
-5305.61
-5304.94
-5304.57
-5303.39
-5304.87
-5305.15
-5305.33
-5304.42
-5307.12
-5306.17
-5307.47
-5306.57
-5306.89
-5307.31
-5302.87
-5304.58
-5305.25
-5307.95
-5304.36
-5305.35
-5305.23
-5304.98
-5304.61
-5306.9
-5304.27
-5304.51
-5306.3
-5304.63
-5306
-5305.29
-5306.02
-5304.72
-5305.12
-5304.71
-5304.98
-5305.26
-5306.23
-5303.83
-5304.92
-5306.04
-5304.67
-5304.18
-5303.93
-5306.07
-5305.9
-5307.64
-5304.76
-5305.76
-5305.51
-5305.44
-5306.45
-5304.64
-5305.58
-5305.6
-5306.73
-5303.84
-5305.04
-5306.82
-5305.6
-5305.26
-5306.75
-5302.6
-5303.79
-5304.06
-5305.88
-5304.01
-5304.76
-5305.16
-5305.62
-5304.38
-5305.23
-5304.47
-5304.2
-5305.87
-5307.16
-5305.23
-5305.75
-5307.59
-5305.58
-5305.8
-5306.7
-5307.66
-5306.51
-5305.15
-5308.73
-5306.22
-5307.27
-5305.78
-5306.05
-5304.87
-5306.41
-5305.18
-5307.04
-5307.37
-5307.61
-5305.51
-5306.01
-5304.39
-5306.13
-5303.79
-5306.41
-5304.85
-5304.28
-5307.82
-5305.68
-5307.7
-5305.35
-5306.06
-5304.41
-5307
-5306.3
-5305.62
-5306.77
-5304.52
-5305.81
-5304.44
-5305.9
-5304.07
-5307.06
-5306.59
-5305.18
-5308.04
-5305.3
-5302.91
-5306.73
-5305.01
-5305.83
-5307.01
-5308.29
-5306.25
-5304.29
-5305.87
-5305.35
-5307.32
-5308
-5307.3
-5307.01
-5305.73
-5305.74
-5306.71
-5305.73
-5306.1
-5307.18
-5306.3
-5304.21
-5306.06
-5306.79
-5307.41
-5303.39
-5306.36
-5302.64
-5304.96
-5304.61
-5303.55
-5306.55
-5305.81
-5306.2
-5307.62
-5305.92
-5307.22
-5306.53
-5307.18
-5307.59
-5307.8
-5306.49
-5307.28
-5306.45
-5305.55
-5305.88
-5304.41
-5306.66
-5305.11
-5307.05
-5305.08
-5305.78
-5304.89
-5307.78
-5307.31
-5304.76
-5307.17
-5305.06
-5308.63
-5306.52
-5304.92
-5305.35
-5307.15
-5303.67
-5304.79
-5304.88
-5305.62
-5304.24
-5307.3
-5302.47
-5308.41
-5304.6
-5303.42
-5304.59
-5306.23
-5304.25
-5304
-5303.89
-5306.16
-5305.86
-5305.65
-5303.9
-5303.15
-5303.96
-5305.52
-5305.08
-5303.72
-5304.12
-5304.14
-5304.35
-5305.3
-5304.2
-5305.56
-5306.46
-5305.89
-5305.9
-5305.75
-5306
-5307.41
-5304.73
-5305.62
-5304.61
-5305.54
-5307.3
-5305.9
-5307
-5305.14
-5308.11
-5305.88
-5305.89
-5305.02
-5307.83
-5306.57
-5305.64
-5305.7
-5305.39
-5304.91
-5306.08
-5305.93
-5307.55
-5305.53
-5307.17
-5305.16
-5305.1
-5304.89
-5306.73
-5304.55
-5306.57
-5305.2
-5305.03
-5303.88
-5304.01
-5305.61
-5306.08
-5305.68
-5305.45
-5307.42
-5306.12
-5306.07
-5305.61
-5306.12
-5305.66
-5305.59
-5303.87
-5306.29
-5310.14
-5303.72
-5305.58
-5305.97
-5307.15
-5305.75
-5306.9
-5306.5
-5306.27
-5307.54
-5306.18
-5305.25
-5307.09
-5304.32
-5306.3
-5308.7
-5304.57
-5307.78
-5307.76
-5305.7
-5306.69
-5307.33
-5305.53
-5305.72
-5305.35
-5305.35
-5304.7
-5305.73
-5307.27
-5306.14
-5303.55
-5305.52
-5306.77
-5306.49
-5305.82
-5305.43
-5308.4
-5306.42
-5307.62
-5305.03
-5306.38
-5305.51
-5306.9
-5305.94
-5307.19
-5303.93
-5306.18
-5307.73
-5307.52
-5305.13
-5305.7
-5307.94
-5305.16
-5305.99
-5304.9
-5306.48
-5305.09
-5308.91
-5305.36
-5306.34
-5307.06
-5307.7
-5307.03
-5305.66
-5306.78
-5306.28
-5305.97
-5306.37
-5306.88
-5306.14
-5306.84
-5307.16
-5306.36
-5306.17
-5305.74
-5306.96
-5304.73
-5305.2
-5306.33
-5305.96
-5306.54
-5306.63
-5306.62
-5307.84
-5304.77
-5305.75
-5308.23
-5306.23
-5305
-5305.18
-5306.44
-5304.14
-5306.6
-5307.82
-5309.13
-5304.82
-5305.87
-5306.87
-5304.07
-5307.3
-5304.46
-5305.94
-5306.75
-5305.34
-5303.93
-5306.18
-5306.12
-5306.81
-5306.99
-5308.15
-5307.6
-5306.72
-5307.34
-5305.15
-5306.3
-5306.9
-5306.51
-5306.04
-5305.01
-5306.07
-5306.03
-5305.89
-5306.84
-5306.93
-5305.72
-5304.88
-5305.73
-5305.78
-5304.5
-5305.85
-5306.35
-5305.95
-5305.09
-5308.33
-5307.15
-5306.44
-5306.03
-5306.61
-5307.06
-5307.49
-5306.42
-5307.46
-5305.43
-5306.52
-5304.24
-5305.91
-5305.64
-5307.36
-5306.63
-5306.38
-5307.16
-5307.73
-5306.36
-5302.66
-5307.12
-5306
-5306.27
-5305.71
-5307.45
-5305.86
-5305.25
-5305.95
-5306.4
-5306.06
-5306.08
-5304.84
-5307.86
-5305.57
-5305.71
-5305.63
-5306.35
-5305.64
-5305.28
-5306.69
-5304.36
-5304.23
-5307.24
-5305.79
-5304.5
-5306.77
-5305.65
-5306.77
-5306.09
-5306.57
-5306.68
-5305.68
-5308.26
-5308
-5306.66
-5307.25
-5306.57
-5306.62
-5304.25
-5307.94
-5307.04
-5306.19
-5307.67
-5305.92
-5306.12
-5307.61
-5307.1
-5307.17
-5305.04
-5306.07
-5308.32
-5306.74
-5305.49
-5306.44
-5307.39
-5306.75
-5305.6
-5308.19
-5309.02
-5307.09
-5307.96
-5306.17
-5308.7
-5306.38
-5308.22
-5305.9
-5307.85
-5307
-5306.7
-5308.73
-5305.86
-5305.62
-5305.94
-5305.63
-5307.73
-5305.16
-5306.43
-5304.35
-5307.17
-5305.58
-5305.95
-5305.15
-5305.24
-5306.19
-5303.46
-5306.93
-5305.97
-5306.39
-5305.47
-5306.05
-5307.45
-5304.97
-5305.98
-5305.41
-5305.79
-5307.28
-5306.53
-5307.71
-5306.4
-5306.7
-5306.14
-5306.99
-5307.36
-5305.32
-5308.27
-5306.33
-5307.89
-5307.05
-5307.81
-5307.43
-5307.12
-5307.36
-5306.8
-5308.23
-5306.22
-5307.61
-5306.28
-5308.68
-5306.57
-5306.99
-5306.92
-5305.93
-5307.79
-5307.16
-5307.55
-5307.94
-5307.87
-5307.47
-5306.27
-5306.31
-5307.2
-5307.39
-5309.09
-5305.29
-5308.14
-5308.19
-5306.68
-5307.85
-5308.32
-5308.04
-5306.95
-5307.83
-5306.44
-5306.03
-5306.58
-5307.41
-5306.33
-5306.52
-5307.21
-5304.4
-5307.34
-5306
-5307.43
-5306.58
-5307.42
-5307.56
-5308.47
-5308.17
-5307.99
-5306.95
-5306.23
-5305.26
-5306.75
-5306.96
-5307.78
-5308.87
-5307.57
-5306.33
-5306.51
-5305.73
-5307.27
-5307.82
-5307.14
-5306.33
-5306.79
-5307.54
-5305.33
-5307.19
-5306.93
-5305.73
-5307.12
-5307
-5306.15
-5308.1
-5306.83
-5307.35
-5305.59
-5307.83
-5306.07
-5307.34
-5305.74
-5306.79
-5308.39
-5305.84
-5305.47
-5307.35
-5305.72
-5306.77
-5307.87
-5305.13
-5306.38
-5306.99
-5307.15
-5307.78
-5308.76
-5305.04
-5307.21
-5306.15
-5305.38
-5308.58
-5307.76
-5306.3
-5308.36
-5307.49
-5306.15
-5305.77
-5307.46
-5308.05
-5307.16
-5306.83
-5306.75
-5304.65
-5306.79
-5306.98
-5306.83
-5307.61
-5305.77
-5306.06
-5309.41
-5306.99
-5306.71
-5307.77
-5307.35
-5307.37
-5306.69
-5305.77
-5306.69
-5307.87
-5308.06
-5305.77
-5307.4
-5306.5
-5307.82
-5305.61
-5306.72
-5309.51
-5305.84
-5306.56
-5305.02
-5307.84
-5307.51
-5307.47
-5307.23
-5306.63
-5306.67
-5307.04
-5305.81
-5305.44
-5307.25
-5305.36
-5305.55
-5306.83
-5306.45
-5307.28
-5307.23
-5305.61
-5305.68
-5307.35
-5307.39
-5308.56
-5307.72
-5307.31
-5306.21
-5305.7
-5308.52
-5306.65
-5306.17
-5308.16
-5307.44
-5305.36
-5308.28
-5306.63
-5305.76
-5306.18
-5307.44
-5306.31
-5307.98
-5306.13
-5305.74
-5305.81
-5306.11
-5304.75
-5305.8
-5304.63
-5306.48
-5308.26
-5306.13
-5306.72
-5308.39
-5308
-5308.21
-5309.93
-5305.8
-5306.26
-5307.05
-5310.01
-5307.23
-5308.67
-5307.66
-5308.34
-5308.13
-5305.22
-5308.56
-5306.28
-5307.83
-5307.46
-5307.6
-5308.12
-5308.31
-5307.46
-5308.3
-5306.55
-5307.28
-5305.99
-5307.89
-5308.83
-5308.07
-5308.32
-5307.72
-5307.44
-5307.17
-5309.21
-5307.27
-5306.04
-5306.9
-5307.34
-5307.46
-5307.89
-5308.68
-5305.98
-5307.32
-5307.83
-5306.18
-5308.58
-5306.05
-5306.01
-5306.58
-5306.68
-5306.17
-5307.3
-5305.66
-5307.74
-5306.34
-5305.11
-5307.21
-5306.61
-5305.69
-5307.6
-5306.76
-5306.87
-5308.01
-5307.34
-5306.35
-5306.17
-5306.9
-5307.63
-5307.44
-5305.92
-5307.21
-5306.39
-5310.35
-5308.18
-5309.24
-5306.67
-5308.59
-5308.19
-5308.26
-5307.33
-5309.44
-5308.26
-5308.64
-5306.24
-5308.97
-5306.5
-5306.72
-5307.85
-5308.76
-5304.94
-5308
-5307.92
-5308
-5306.72
-5307.15
-5308.03
-5306.79
-5306.78
-5306.86
-5307.63
-5307.47
-5306.69
-5306.97
-5305.72
-5308.29
-5307.28
-5309.45
-5309.44
-5305.26
-5307.02
-5307.88
-5308.27
-5307.69
-5307.42
-5307.19
-5307.66
-5308.58
-5305.62
-5307.99
-5308.02
-5307.33
-5308.02
-5307.09
-5307.47
-5308.29
-5305.78
-5307.64
-5308.24
-5307.14
-5306.73
-5307.5
-5307.29
-5305.59
-5307.23
-5307.77
-5307.18
-5306.53
-5306.98
-5305.21
-5306.42
-5306.53
-5307.33
-5308.42
-5308.6
-5306.75
-5307.68
-5307.96
-5307.96
-5306.17
-5307.22
-5307.96
-5307.3
-5305.81
-5306.51
-5306.67
-5306.76
-5308.44
-5308.28
-5307.84
-5308.24
-5308.51
-5309.29
-5306.41
-5307.82
-5307.05
-5306.3
-5304.92
-5306.98
-5307.65
-5307.46
-5306.48
-5306.53
-5308.66
-5306.31
-5306.61
-5306.09
-5305.17
-5306.77
-5309.19
-5307.18
-5307.63
-5305.81
-5306.95
-5307.51
-5305.95
-5309.85
-5305.76
-5307.46
-5308.96
-5307.47
-5308.17
-5308.65
-5306.61
-5308.59
-5308.32
-5305.32
-5307.42
-5307.39
-5307.49
-5307.24
-5307.53
-5307
-5306.45
-5305.37
-5307.47
-5307.86
-5307.87
-5307.72
-5308.63
-5307.23
-5308.92
-5307.85
-5307.97
-5307.71
-5308.46
-5307.33
-5307.9
-5307.13
-5308.28
-5305.84
-5307.32
-5307.13
-5307.41
-5307.18
-5307.45
-5306.28
-5307.37
-5307.85
-5307.4
-5308.38
-5307.63
-5306.82
-5306.67
-5305.45
-5306.97
-5309.58
-5308.09
-5309.35
-5308.22
-5307.91
-5308
-5307.64
-5309.53
-5307.33
-5308.02
-5307.63
-5307.82
-5308.14
-5308.14
-5307.38
-5306.95
-5308.54
-5307.33
-5306.85
-5308.38
-5306.58
-5308.14
-5307.56
-5307.45
-5309.05
-5307.73
-5305.9
-5309.44
-5308.48
-5308.19
-5306.81
-5306.75
-5308.97
-5307.66
-5307.2
-5305.24
-5307.79
-5309.38
-5306.63
-5302
-5308.06
-5308.3
-5306.91
-5307.28
-5307.68
-5308.88
-5309.16
-5306.24
-5306.48
-5309.35
-5308.17
-5307.18
-5307.94
-5308.47
-5307.2
-5307.62
-5309.15
-5308.1
-5307.95
-5307.93
-5307.55
-5309.39
-5308.44
-5307.94
-5306.47
-5308.03
-5306.93
-5307.78
-5307.8
-5308.14
-5307.1
-5307.55
-5307.92
-5307.65
-5307.43
-5308.27
-5308.6
-5307.21
-5308.51
-5308.95
-5307.28
-5307.16
-5307.92
-5305.41
-5308.96
-5307.34
-5307.67
-5308.55
-5307.22
-5308.02
-5306.28
-5307.61
-5307.22
-5307.12
-5306.85
-5306.11
-5308.24
-5308.5
-5307.07
-5308.81
-5308.54
-5307.59
-5307.53
-5306.66
-5308.88
-5307.38
-5306.76
-5307.28
-5307.4
-5307.84
-5306.63
-5307.49
-5308.27
-5307.46
-5306.14
-5308.44
-5308.48
-5306.78
-5308.96
-5307.76
-5307.62
-5306.64
-5307.2
-5307.32
-5306.54
-5307
-5307.74
-5306.46
-5305.41
-5306.91
-5306.72
-5308.86
-5306.71
-5306.58
-5307.97
-5307.37
-5309.14
-5307.59
-5308.93
-5306.82
-5307.5
-5307.23
-5307.69
-5307.79
-5307.5
-5306.72
-5307.79
-5307.63
-5308.91
-5307.91
-5306.83
-5309.03
-5309.69
-5307.3
-5307.16
-5307.38
-5306.76
-5308.66
-5306.33
-5306.32
-5308.66
-5306.72
-5306.67
-5306.82
-5307.65
-5306.31
-5307.11
-5306.49
-5308.49
-5307.74
-5307.62
-5306.4
-5307.7
-5307.35
-5307.65
-5308.56
-5307.34
-5307.95
-5307.2
-5308.79
-5307.98
-5308.06
-5307.67
-5308.11
-5307.41
-5308.17
-5308.77
-5306.47
-5308.54
-5308.64
-5307.56
-5306.14
-5307.02
-5305.43
-5307.69
-5305.74
-5306.96
-5308.16
-5308.02
-5308.53
-5308.11
-5307.61
-5306.51
-5306.27
-5307.24
-5305.82
-5307.84
-5306.43
-5307.54
-5307.49
-5308.59
-5308.5
-5307.71
-5307.67
-5307.81
-5307.45
-5307.58
-5305.68
-5307.78
-5308.8
-5306.85
-5307.58
-5306.88
-5307.3
-5304.85
-5309.27
-5307.97
-5307.06
-5307.3
-5307.54
-5305.54
-5306.38
-5308.24
-5307.77
-5307.65
-5307.84
-5305.6
-5308.01
-5307.13
-5307.97
-5308.31
-5306.78
-5307.67
-5308.89
-5307.16
-5307.67
-5308.14
-5306.73
-5310.47
-5307.79
-5307.21
-5306.9
-5307.65
-5308.8
-5307.52
-5307.79
-5308.74
-5308.16
-5307.46
-5308.82
-5308.5
-5307.36
-5309.17
-5308.74
-5309.05
-5306.98
-5307.9
-5307.65
-5308.5
-5308.18
-5306.93
-5307.18
-5309.6
-5309.46
-5306.67
-5307.85
-5306.72
-5308.27
-5308.03
-5308.76
-5308.75
-5307.79
-5308.52
-5308.33
-5309.3
-5307.86
-5307.49
-5307.88
-5308.34
-5307.91
-5307.47
-5308.67
-5306.39
-5308.96
-5307.98
-5307.37
-5307.29
-5307.54
-5308
-5308.76
-5307.17
-5308.66
-5307.68
-5305.37
-5307.33
-5309.14
-5307.58
-5307.1
-5308.1
-5307.75
-5309.45
-5307.28
-5306.79
-5308.46
-5308.25
-5308.02
-5307.7
-5308.12
-5307.21
-5307.98
-5306.6
-5308.65
-5308
-5308.69
-5307.01
-5308.19
-5307.48
-5308.7
-5308.68
-5307.31
-5307.49
-5309.01
-5306.93
-5308.83
-5309.06
-5307.47
-5307.79
-5309.15
-5308.97
-5309.05
-5307.98
-5306.88
-5307.98
-5309.44
-5307.96
-5308.06
-5307.95
-5308.97
-5308.03
-5307.52
-5308.38
-5308.14
-5308.31
-5309.25
-5309.95
-5305.99
-5308.05
-5306.4
-5308.96
-5309.42
-5307.66
-5308.45
-5309.15
-5309.14
-5309.24
-5307.46
-5309.13
-5309.37
-5307.32
-5307.4
-5307.97
-5307.89
-5308.74
-5308.01
-5306.54
-5308.27
-5308.64
-5309.3
-5309
-5308.54
-5306.36
-5309.21
-5309.09
-5309.56
-5309.35
-5308.44
-5307.45
-5306.13
-5306.81
-5307.93
-5307.63
-5309.27
-5309.74
-5308.24
-5309.51
-5307.51
-5306.83
-5307.49
-5308.77
-5307.08
-5307.14
-5307.56
-5309.26
-5308.52
-5308.2
-5306
-5309.48
-5307.59
-5308.12
-5308.34
-5306.8
-5307.38
-5307.15
-5308.7
-5308.38
-5308.53
-5309.33
-5308.38
-5309.1
-5307.03
-5307.64
-5307.58
-5308.79
-5308.4
-5307.84
-5307.7
-5308
-5308.21
-5308.43
-5308.36
-5308.39
-5307.6
-5308.07
-5308.07
-5307.69
-5307.14
-5305.76
-5308.75
-5308.22
-5307.56
-5307.02
-5306.13
-5307.54
-5307.79
-5308.34
-5308.61
-5308.6
-5308.62
-5308.93
-5308.73
-5308.83
-5307.46
-5306.96
-5307.17
-5308.3
-5306.22
-5306.34
-5309
-5306.1
-5308.87
-5308.43
-5308.18
-5308.3
-5308.48
-5308.3
-5306.67
-5307.7
-5308.98
-5307.87
-5309.04
-5308.13
-5308.78
-5308.58
-5307.94
-5308.17
-5307.09
-5308.04
-5306.62
-5310.12
-5308.71
-5306.42
-5308.62
-5307.83
-5307.8
-5307.65
-5309.95
-5308.06
-5309.82
-5309.26
-5307.54
-5308.24
-5306.33
-5309.37
-5308.7
-5308.68
-5307.71
-5307.95
-5308.79
-5309.39
-5307.46
-5308.22
-5307.02
-5307.63
-5306.9
-5308.99
-5307.19
-5308.5
-5308.95
-5309.15
-5308.25
-5308.95
-5308.2
-5308.2
-5309.51
-5308.84
-5306.29
-5307.72
-5308.35
-5308.11
-5309.49
-5308.87
-5307.44
-5306.71
-5305.09
-5308.6
-5307.45
-5306.49
-5306.7
-5308.86
-5308.22
-5309.06
-5309.36
-5307.28
-5307.71
-5306.13
-5307.13
-5307.97
-5306.24
-5306.49
-5307.42
-5306.79
-5307.21
-5306.51
-5308.64
-5307.99
-5308.31
-5308.39
-5307.82
-5309.25
-5309.89
-5310.2
-5309.15
-5308.4
-5309.8
-5308.9
-5307.96
-5307.18
-5308.62
-5308.93
-5308.75
-5308.56
-5307.62
-5308.22
-5308.39
-5309.64
-5308.16
-5308.95
-5309.04
-5307.69
-5308.27
-5307.85
-5309.52
-5307.32
-5307.93
-5308.64
-5308.48
-5307.9
-5308.28
-5306.46
-5308.51
-5308.23
-5308.38
-5308.27
-5307.63
-5306.63
-5307.72
-5308.69
-5307.95
-5308.28
-5309.18
-5309.63
-5310.06
-5309.76
-5307.25
-5308.64
-5307.59
-5309.36
-5308.08
-5308.8
-5306.06
-5307.66
-5309.4
-5308.32
-5308.9
-5307.3
-5307.54
-5307.84
-5309.17
-5307.26
-5309.35
-5309.61
-5308.54
-5308.76
-5307.69
-5307.51
-5307.62
-5307.91
-5308.52
-5308.38
-5308.37
-5307.77
-5309.15
-5308.55
-5309.72
-5307.56
-5307.95
-5307.98
-5307.71
-5307.48
-5309.4
-5308.26
-5307.83
-5307.49
-5309.22
-5308.04
-5309.19
-5309.49
-5308.79
-5308.57
-5307.75
-5308.7
-5309.08
-5308.68
-5309.79
-5308.14
-5306.27
-5308.75
-5307.54
-5307.47
-5308.1
-5307.18
-5307.59
-5308.67
-5305.87
-5307.83
-5308.31
-5307.96
-5308.46
-5308.21
-5308.16
-5308.05
-5308.48
-5307.69
-5307.48
-5307.23
-5307.9
-5308.74
-5309.14
-5309.47
-5307.87
-5308.2
-5309.8
-5308.24
-5309.01
-5308.46
-5308.41
-5306.9
-5308.51
-5308.48
-5308.27
-5308.53
-5307.46
-5307.82
-5308.77
-5308.06
-5309.59
-5309.32
-5307.44
-5309.13
-5307.87
-5309.07
-5308.72
-5305.79
-5308.5
-5307.8
-5307.23
-5308.13
-5307.91
-5307.4
-5309.38
-5309.34
-5308.35
-5309.65
-5309.53
-5308.12
-5308.79
-5308.71
-5307.34
-5310.13
-5307.03
-5307.51
-5309.53
-5306.84
-5307.68
-5309.04
-5309.31
-5308.07
-5309.5
-5309.57
-5308.55
-5310.01
-5309.31
-5307.08
-5308.07
-5308.98
-5307.23
-5308.79
-5307.55
-5308.37
-5307.49
-5308.93
-5308.32
-5308.94
-5310.36
-5307.62
-5307.76
-5308.13
-5307.33
-5309.35
-5309.44
-5307.65
-5309.42
-5307.95
-5308.59
-5307.74
-5307.76
-5307.02
-5308.01
-5308.69
-5308.52
-5308.38
-5307.78
-5309.2
-5307.49
-5305.8
-5307.76
-5309.24
-5309.06
-5307.58
-5308.01
-5307.62
-5309.74
-5308.3
-5308.46
-5308.71
-5308.25
-5309.08
-5309.17
-5308.02
-5307.11
-5310.08
-5309.1
-5309.38
-5307.81
-5308.17
-5308.19
-5306.11
-5307.73
-5308.82
-5306.72
-5309.72
-5308.47
-5308.2
-5307.63
-5308.86
-5307.47
-5307.29
-5308.42
-5306.96
-5308.71
-5308.76
-5308.75
-5307.35
-5309.29
-5308.32
-5309.05
-5309.08
-5309.44
-5307.7
-5310.27
-5308.97
-5308.49
-5309.07
-5306.83
-5307.9
-5308.65
-5308.29
-5309.88
-5308.65
-5309.63
-5307.65
-5309.42
-5307.92
-5309.66
-5308.56
-5307.83
-5309.75
-5309.34
-5309.81
-5308.56
-5309.5
-5307.86
-5306.79
-5308.57
-5308.95
-5308.26
-5309.56
-5306.38
-5308.93
-5308.61
-5308.35
-5308.5
-5308.21
-5309.78
-5309.1
-5308.53
-5309
-5310.2
-5309.53
-5308.57
-5307.56
-5307.63
-5308.24
-5309.22
-5308.88
-5310.4
-5308.25
-5308.35
-5309.33
-5306.31
-5308.28
-5308
-5307.37
-5307.66
-5308.03
-5308.14
-5308.82
-5305.83
-5309.18
-5309.73
-5308.45
-5307.86
-5309.23
-5308.22
-5308.06
-5309.57
-5307.87
-5309.28
-5310.23
-5307.74
-5308.49
-5307.63
-5308.77
-5306.59
-5309.84
-5307.58
-5309.77
-5308.58
-5307.92
-5307.75
-5309.26
-5307.84
-5309.05
-5310.45
-5308.93
-5308.63
-5308.35
-5309.67
-5309.93
-5308.38
-5308.23
-5308.61
-5308.52
-5309.37
-5307.25
-5308.78
-5308.38
-5308.59
-5309.44
-5308.25
-5307.59
-5308.08
-5308.62
-5306.12
-5308.73
-5308.41
-5306.88
-5308.15
-5307.86
-5307.93
-5308.72
-5306.95
-5308.58
-5308.5
-5308.18
-5307.91
-5309.97
-5309.69
-5306.24
-5309.4
-5308.52
-5307.86
-5307
-5308.57
-5308.18
-5304.51
-5309.56
-5308.47
-5308.85
-5307.75
-5308.01
-5308.22
-5309.28
-5309.13
-5308.14
-5309.4
-5306.05
-5309.51
-5308.06
-5309
-5308.51
-5308.36
-5308.17
-5307.49
-5307.55
-5305.1
-5308.5
-5309.62
-5308.44
-5307.91
-5308.37
-5309.02
-5308.02
-5307.5
-5308.7
-5307.79
-5308.04
-5309.03
-5308.68
-5308.7
-5308.26
-5307.98
-5308.94
-5309.91
-5308.51
-5309.26
-5309.71
-5308.76
-5309.41
-5308.47
-5308.75
-5308.25
-5306.63
-5307.15
-5309.03
-5309.08
-5307.93
-5309.57
-5309.42
-5309.45
-5308.62
-5308.57
-5308.83
-5307.8
-5307.01
-5307.22
-5307.96
-5309.97
-5308.96
-5307.48
-5308.4
-5307.63
-5309.36
-5308.27
-5308.22
-5310.69
-5309.27
-5308.68
-5309.84
-5310.76
-5308.95
-5306.1
-5308.02
-5307.35
-5308.89
-5308
-5309.18
-5308.37
-5307.43
-5309.46
-5308.94
-5307.46
-5307.82
-5308.94
-5306.44
-5309.08
-5307.19
-5308.08
-5308.18
-5307.6
-5308.38
-5307.15
-5308.67
-5306.57
-5308.07
-5308.24
-5307.18
-5307.89
-5309.12
-5307.54
-5308.19
-5308.4
-5308.62
-5306.1
-5309.35
-5307.92
-5310.09
-5308.93
-5308.03
-5307.22
-5308.14
-5309.83
-5308.51
-5307.4
-5307.95
-5308.32
-5308.52
-5308.4
-5309.37
-5308.36
-5308.74
-5309.99
-5307.84
-5307.93
-5309.17
-5309.6
-5308.82
-5308.84
-5310.59
-5310.25
-5309
-5308.25
-5308.28
-5309.8
-5308.43
-5309.01
-5309.19
-5309.7
-5308.28
-5308.06
-5308.63
-5309.45
-5308.1
-5310.26
-5308.18
-5309.29
-5308.38
-5307.66
-5309.27
-5307.39
-5309.89
-5309.05
-5309.84
-5308.71
-5308.04
-5310.88
-5308.47
-5308.83
-5308.64
-5308.2
-5309.4
-5307.73
-5309.16
-5309.51
-5308.76
-5308.58
-5308.04
-5310.29
-5309.04
-5308.84
-5309.46
-5307.49
-5309.87
-5307.45
-5307.46
-5310.02
-5307.46
-5310.07
-5308.5
-5307.42
-5307.07
-5308.1
-5308.48
-5309.26
-5309.11
-5307.95
-5309.5
-5308.32
-5308.79
-5308.89
-5307.33
-5309.96
-5309.35
-5308.45
-5308.11
-5308.67
-5307.55
-5308.93
-5308.95
-5309.1
-5307.71
-5308.1
-5308.87
-5310.39
-5308.09
-5308.38
-5308.37
-5308.82
-5309.24
-5308
-5307.1
-5309.53
-5310.04
-5307.83
-5309.02
-5307.94
-5309.7
-5308.63
-5309.11
-5308.39
-5307.56
-5308.68
-5308.5
-5308.25
-5308.31
-5310.9
-5308.42
-5308.69
-5308.7
-5308.24
-5308.79
-5309.25
-5307.78
-5307.85
-5310.7
-5307.86
-5308.47
-5309.27
-5308.34
-5306.58
-5308.87
-5307.57
-5308.23
-5308.31
-5309.32
-5308.1
-5309.8
-5310.96
-5309.76
-5309.05
-5308.77
-5308.89
-5309.33
-5309.25
-5310.16
-5309.2
-5310.04
-5310.62
-5309.96
-5308.15
-5309.5
-5309.16
-5308.57
-5308.98
-5309.07
-5307.89
-5308.14
-5309.01
-5307.38
-5309.9
-5308.02
-5309.19
-5308.99
-5309.18
-5307.59
-5308.04
-5310.26
-5307.86
-5308.12
-5307.64
-5306.67
-5308.49
-5308.07
-5309.74
-5309.61
-5308.56
-5309.13
-5308.34
-5307.35
-5309
-5308.02
-5310.36
-5307.68
-5308.05
-5309.94
-5308.91
-5309.29
-5307.48
-5308.68
-5308.25
-5308.69
-5308.47
-5309.2
-5309.91
-5309.19
-5308.51
-5308.25
-5307.85
-5309.91
-5309.16
-5308.73
-5308.96
-5309.8
-5307.21
-5309.16
-5308.76
-5308.44
-5309.52
-5307.94
-5309.24
-5307.51
-5306.61
-5308.69
-5309.61
-5308.07
-5307.73
-5308.57
-5309.08
-5308.79
-5308.14
-5309.08
-5308.32
-5307.44
-5308.08
-5308.61
-5310.46
-5309.16
-5308.3
-5308.86
-5310.22
-5309.57
-5310.66
-5309.38
-5309.15
-5309.35
-5308.83
-5308.45
-5308.53
-5308.16
-5308.46
-5308.87
-5310.45
-5307.19
-5309.08
-5307.75
-5309.74
-5308.38
-5307.16
-5308.49
-5309.27
-5310.22
-5310.54
-5308.55
-5308.2
-5309.17
-5309.22
-5310.91
-5308.4
-5307.5
-5308.83
-5308.82
-5306.22
-5307.44
-5308.21
-5307.26
-5309.09
-5308.91
-5309.09
-5307.5
-5307.32
-5308.28
-5311.23
-5307.16
-5308.8
-5309.94
-5307.79
-5307.21
-5308.93
-5308.02
-5308.86
-5309.5
-5306.97
-5306.96
-5308.37
-5307.79
-5310.62
-5308.73
-5307.96
-5307.15
-5310.18
-5308.61
-5309.03
-5308.5
-5307.08
-5308.66
-5309.17
-5308.95
-5310.01
-5309.37
-5309.5
-5309.73
-5309.44
-5308.92
-5308.18
-5308.23
-5306.6
-5309.73
-5307.61
-5309.04
-5308.63
-5310.05
-5310.76
-5308.35
-5308.33
-5310.42
-5308.42
-5308.58
-5309.44
-5308.66
-5308.62
-5308.04
-5308.93
-5308.53
-5308.94
-5310.13
-5308.59
-5307.97
-5308.07
-5309.16
-5307.75
-5308.27
-5307.96
-5309.22
-5309.2
-5309.55
-5310.16
-5309.3
-5307.78
-5309.9
-5307.65
-5308.8
-5309.6
-5309.86
-5309.64
-5308.46
-5309.17
-5309.53
-5308.77
-5308.63
-5307.89
-5306.21
-5307.27
-5308.99
-5309.79
-5310.02
-5308.94
-5308.76
-5308.72
-5307.91
-5308.41
-5310.06
-5309.19
-5309.1
-5309.64
-5307.72
-5308.61
-5307.81
-5309.75
-5309.5
-5309.28
-5309.07
-5309.05
-5309.14
-5308.68
-5310.12
-5307.91
-5308.64
-5308.83
-5310.05
-5309.26
-5308.35
-5309.15
-5309.58
-5309.17
-5310.26
-5308.33
-5308.84
-5308.94
-5309.1
-5307.63
-5309.06
-5307.55
-5307.97
-5308.98
-5308.87
-5309.18
-5308.65
-5306.76
-5309.42
-5307.86
-5308.49
-5309.16
-5307.73
-5307.92
-5308.72
-5307.76
-5307.49
-5309.97
-5309.1
-5309.06
-5308.21
-5309.56
-5309.24
-5308.43
-5308.49
-5310.15
-5308.91
-5308.72
-5310.04
-5309.98
-5308.92
-5309.27
-5308.41
-5308.55
-5309.46
-5308.81
-5308.7
-5308.69
-5308.87
-5309.92
-5309.57
-5308.34
-5309.5
-5309.37
-5310.11
-5306.21
-5309.09
-5310.06
-5309.09
-5309.26
-5307.53
-5308.02
-5308.59
-5309.03
-5310.52
-5309.95
-5308.8
-5310.14
-5308.63
-5309.39
-5308.52
-5308.3
-5308.24
-5307.65
-5308.91
-5309.38
-5309.01
-5308.89
-5306.93
-5309.9
-5310.39
-5309.61
-5308.43
-5308.36
-5309.29
-5308.37
-5309.93
-5309.41
-5309.5
-5310.38
-5309.93
-5310.37
-5310.41
-5309.16
-5308.49
-5308.38
-5308.68
-5309.23
-5310.08
-5308.86
-5309.06
-5310.76
-5308.56
-5309.16
-5307.8
-5310.02
-5309.22
-5308.14
-5308.27
-5307.92
-5308.36
-5308.66
-5308.79
-5308.64
-5309.89
-5310.44
-5310.7
-5308.38
-5308.2
-5310.69
-5309.24
-5309.58
-5308.98
-5307.9
-5308.67
-5308.86
-5307.92
-5310.19
-5309.82
-5309.87
-5308.22
-5307.56
-5309.81
-5308.27
-5308.97
-5308.68
-5310.2
-5309.33
-5308.83
-5308.69
-5307.87
-5309.09
-5308.23
-5308.25
-5309.3
-5309.21
-5309.88
-5308.31
-5308.53
-5308.17
-5308.5
-5308.95
-5308.07
-5308.84
-5310.29
-5308.62
-5310.15
-5309.31
-5309.04
-5308.17
-5309.28
-5308.95
-5309.52
-5308.63
-5309.03
-5308.91
-5308.58
-5309.22
-5307.68
-5309.42
-5308.83
-5307.84
-5308.52
-5308.33
-5307.18
-5306.94
-5308.93
-5309.32
-5309.14
-5308.81
-5307.87
-5309.28
-5308.99
-5307.75
-5309.91
-5308.71
-5309.89
-5308.7
-5310.09
-5309.17
-5308.77
-5308.62
-5307.83
-5308.35
-5309.89
-5306.92
-5307.86
-5309.54
-5308.46
-5309.1
-5309.82
-5308.86
-5309.92
-5309.41
-5309.92
-5309.21
-5308.99
-5309.18
-5308.22
-5308.09
-5307.76
-5306.81
-5309.31
-5309.62
-5307.59
-5309.88
-5309.43
-5308.6
-5308.19
-5310.08
-5308.31
-5307.28
-5310.36
-5308.39
-5309.25
-5309.02
-5310.94
-5309.66
-5309.13
-5307.89
-5308.36
-5309.23
-5308.84
-5308.33
-5308.93
-5309.46
-5308.14
-5308.35
-5308.5
-5308.89
-5310.55
-5309.89
-5307.62
-5309.79
-5308.88
-5309.08
-5308.3
-5309.82
-5308.8
-5308.16
-5308.94
-5309.19
-5307.84
-5309.37
-5308.26
-5309.56
-5309.61
-5309.1
-5310.74
-5310.21
-5309.71
-5309.44
-5309.62
-5308.29
-5309.37
-5310.95
-5309.87
-5308.28
-5308.48
-5308.47
-5308.48
-5310.23
-5310.53
-5310.19
-5309.81
-5309.85
-5307.05
-5308.99
-5310.71
-5309.04
-5309.72
-5308.26
-5306.84
-5309.74
-5309.19
-5308.78
-5308.72
-5308.59
-5309
-5307.31
-5309.59
-5309.72
-5309.23
-5309.05
-5308.81
-5309.55
-5308.54
-5308.8
-5309.33
-5308.67
-5308.82
-5310.02
-5309.06
-5309.84
-5308.61
-5309.47
-5307.73
-5308.92
-5309.26
-5310.5
-5308.97
-5308.47
-5308.08
-5308.75
-5308.95
-5309.09
-5307.69
-5309.41
-5308.63
-5307.78
-5308
-5308.58
-5309.93
-5307.99
-5308.25
-5309.7
-5311.03
-5309.78
-5309.38
-5310.06
-5309.02
-5308.63
-5308.98
-5308.92
-5309.82
-5308.81
-5310.7
-5308.43
-5307.81
-5308.91
-5308.55
-5310.2
-5310.09
-5309.77
-5310.04
-5309.33
-5309.14
-5308.39
-5308.85
-5307.83
-5309.2
-5309.22
-5308.68
-5310.83
-5309.74
-5308.69
-5310.12
-5309.35
-5309.93
-5308.41
-5308.23
-5310.88
-5308.74
-5308.21
-5309.71
-5310.16
-5309.9
-5309.64
-5309.21
-5307.76
-5308.6
-5308.25
-5308.09
-5308.64
-5310.04
-5309.8
-5309.5
-5309.86
-5309.99
-5309.28
-5309.04
-5309.18
-5309.88
-5309.86
-5308.39
-5309.63
-5309.52
-5309.62
-5310.21
-5309.41
-5308.98
-5309.85
-5308.73
-5308.35
-5308.2
-5310.26
-5308.89
-5308.88
-5309.2
-5308.76
-5310.27
-5308.49
-5308.45
-5309.64
-5308.4
-5308.39
-5308.28
-5309.47
-5307.62
-5309.1
-5309.13
-5309.88
-5308.32
-5309.25
-5309.42
-5309.76
-5309.01
-5308.91
-5307.9
-5309.27
-5308.25
-5308.17
-5309.11
-5309.65
-5309.01
-5308.57
-5309.05
-5309.59
-5309.4
-5308.17
-5308.08
-5308.68
-5308.78
-5308.38
-5310.73
-5309.97
-5309.89
-5308.96
-5309.62
-5309.51
-5308.28
-5310.52
-5309.51
-5308.44
-5308.63
-5310.59
-5309.73
-5309.77
-5309.64
-5308.09
-5308.92
-5308.87
-5308.83
-5309.22
-5310.07
-5308.01
-5308.5
-5309.98
-5309.07
-5309.48
-5308.98
-5308.02
-5310
-5310.66
-5309.1
-5310.11
-5307.59
-5309.94
-5307.24
-5308.85
-5308.97
-5309.1
-5308.89
-5307.97
-5307.32
-5308.91
-5307.03
-5308.7
-5308.63
-5309.7
-5310
-5309.61
-5308.45
-5309.41
-5308.82
-5308.3
-5309.32
-5309.38
-5308.16
-5309.18
-5310.18
-5308.08
-5309.61
-5309.43
-5310.48
-5308.89
-5309.29
-5309.36
-5308.61
-5307.53
-5309.05
-5308.97
-5309.37
-5308.88
-5308
-5309.55
-5308.23
-5309.75
-5309
-5308.95
-5309.12
-5310.23
-5310.11
-5309.43
-5310.04
-5308.81
-5311.26
-5308.87
-5308.74
-5309.29
-5308.65
-5308.56
-5309.29
-5309.97
-5307.83
-5308.02
-5307.52
-5310.17
-5310.37
-5309.8
-5308.68
-5309.33
-5310.27
-5308.97
-5308.48
-5309.42
-5309.06
-5310.13
-5307.42
-5308.28
-5307.65
-5309.09
-5309.46
-5308.58
-5310.05
-5309.01
-5309.76
-5309.85
-5309.16
-5310.12
-5309.67
-5309.12
-5308.88
-5309.03
-5309.21
-5307.05
-5309.45
-5310.2
-5310.85
-5309.4
-5308.91
-5308.83
-5309.75
-5308.42
-5309.57
-5308.29
-5309.13
-5308.08
-5309.13
-5309.92
-5309.06
-5310.35
-5309.65
-5310.08
-5310.11
-5309.67
-5309.77
-5310.41
-5310.12
-5309.06
-5308.67
-5309.38
-5310.34
-5309.67
-5309.5
-5309.74
-5310.01
-5309.03
-5309.19
-5309.79
-5309.64
-5308.26
-5310.77
-5308.79
-5308.59
-5308.63
-5309.05
-5309.9
-5309.55
-5308.21
-5307.28
-5309.53
-5308.73
-5306.78
-5309.97
-5309.7
-5308.42
-5310.09
-5310.31
-5310.35
-5309.11
-5309.08
-5309.68
-5309.42
-5309.08
-5308.62
-5309.95
-5308.77
-5306.72
-5309.88
-5308.02
-5308.79
-5310.29
-5311.14
-5308.5
-5309.75
-5309.48
-5308.41
-5307.56
-5309.78
-5308.1
-5309.75
-5309.96
-5307.46
-5308.6
-5310.44
-5308.89
-5309.49
-5310.78
-5310.29
-5309.05
-5309.83
-5309.18
-5308.87
-5307.94
-5309.43
-5311.43
-5309.35
-5310.57
-5308.4
-5309.64
-5308.79
-5310.29
-5308.58
-5307.93
-5308.78
-5310.23
-5308.15
-5310.1
-5308.14
-5309.2
-5308.87
-5310.01
-5309.82
-5309.24
-5308.73
-5308.99
-5308.19
-5309.72
-5309.59
-5309.05
-5308.25
-5308.92
-5309.72
-5307.08
-5308.79
-5308.86
-5309.41
-5310.32
-5309.4
-5310.48
-5310.23
-5309.14
-5309.19
-5307.62
-5309.75
-5308.73
-5309.93
-5310.28
-5309.02
-5310.36
-5309.75
-5308.69
-5308.51
-5308.76
-5308.28
-5310.13
-5310
-5309.1
-5309.44
-5309.07
-5309.32
-5309.9
-5309.08
-5308.87
-5308.03
-5310.02
-5309.37
-5309.27
-5308.55
-5309.96
-5309.55
-5309.1
-5309.94
-5308.8
-5310.44
-5309.87
-5309.04
-5307.91
-5309.32
-5310.55
-5309.03
-5308.46
-5309.72
-5309.21
-5309.5
-5309.54
-5309.69
-5308.82
-5308.6
-5308.34
-5309.23
-5308.57
-5309.77
-5309.55
-5309.66
-5308.46
-5309.79
-5310.37
-5307.62
-5306.45
-5310.77
-5308.44
-5308.28
-5307.84
-5309.27
-5309.39
-5308.03
-5309.24
-5306.19
-5308.39
-5310.41
-5310.12
-5309.42
-5308.94
-5309.12
-5308.97
-5305.98
-5309.7
-5308.69
-5308.6
-5310.18
-5307.53
-5309.22
-5309.94
-5308.92
-5309.17
-5310.32
-5309.09
-5309.65
-5307.26
-5310.13
-5308.52
-5309.12
-5308.46
-5310
-5308.09
-5309.29
-5309.59
-5308.26
-5308.42
-5309.2
-5308.53
-5305.88
-5308.16
-5310.58
-5308.03
-5308.95
-5309.42
-5307.71
-5308.06
-5307.63
-5307.99
-5307.61
-5309.12
-5309.47
-5308.31
-5310.32
-5309.25
-5309.27
-5308.82
-5309.31
-5309.27
-5308.22
-5308.17
-5307.43
-5308.77
-5309.85
-5309.83
-5310.05
-5309.79
-5308.78
-5308.06
-5308.7
-5310.19
-5306.58
-5309.52
-5309.86
-5307.49
-5309.88
-5310.31
-5308.42
-5309.25
-5309.73
-5308.37
-5309.16
-5307.84
-5309.47
-5310.31
-5309.68
-5309.54
-5309.88
-5308.32
-5309.68
-5310.49
-5311.04
-5310.83
-5309.21
-5308.69
-5309.3
-5309.02
-5308.08
-5308.42
-5308.52
-5308.88
-5309.84
-5308.86
-5307.8
-5310.17
-5308.87
-5307.35
-5310.12
-5309.66
-5310.08
-5309.96
-5309.22
-5308.21
-5309.02
-5308.85
-5307.72
-5309.18
-5309.61
-5308.78
-5310.42
-5308.97
-5307.69
-5308.88
-5309.72
-5310.89
-5308.06
-5309.7
-5309.77
-5309.33
-5308.61
-5308.97
-5309.39
-5309.09
-5310.26
-5309.94
-5309.03
-5309.91
-5310.04
-5308.26
-5309.84
-5308
-5310.71
-5309.35
-5307.75
-5311.18
-5309.21
-5309.71
-5310.68
-5309.56
-5308.84
-5308.22
-5309.48
-5307.82
-5309.69
-5309.36
-5310.43
-5308.7
-5309.05
-5309.02
-5309.43
-5310.51
-5309.02
-5308.32
-5309.46
-5309.07
-5310.04
-5309
-5308.92
-5308.13
-5308.46
-5309.81
-5309.61
-5309.35
-5309.86
-5307.51
-5308.08
-5308.59
-5309.73
-5308.52
-5308.72
-5309.02
-5308.48
-5309.54
-5310.19
-5308.79
-5309.47
-5308.7
-5308.52
-5310.3
-5309.17
-5308.45
-5308.34
-5310.09
-5309.71
-5309.62
-5309.33
-5308.4
-5310.1
-5309.25
-5311.16
-5309.09
-5309.45
-5310.69
-5310.13
-5306.35
-5307.69
-5308.62
-5307.28
-5308.26
-5309.72
-5309.34
-5309.27
-5309.67
-5309.13
-5310.01
-5309.24
-5307.74
-5309.93
-5309.24
-5309.54
-5309.15
-5309.26
-5309.48
-5307.73
-5309.13
-5307.92
-5308.56
-5309.56
-5309.21
-5308.19
-5309.42
-5309.5
-5309.57
-5309.8
-5308.54
-5309.56
-5308.62
-5309.94
-5307.6
-5309.18
-5307.53
-5309.45
-5309.71
-5308.57
-5308.59
-5308.5
-5310.47
-5309.55
-5308.97
-5309.91
-5307.87
-5308.69
-5309.33
-5309.52
-5309.76
-5308.75
-5309.63
-5308.31
-5310.17
-5309.06
-5309.83
-5309.37
-5308.96
-5310.4
-5311.24
-5309.6
-5310.58
-5309.01
-5310.34
-5309.39
-5310.19
-5308.15
-5309.05
-5309.36
-5310.69
-5309.99
-5311.37
-5310.26
-5307.97
-5309.87
-5309.83
-5308.31
-5309.38
-5308.77
-5309.19
-5309.56
-5309.4
-5309.89
-5308.08
-5309.18
-5309.53
-5310.1
-5308.48
-5309.21
-5308.82
-5309.54
-5310
-5309.51
-5309.3
-5308.51
-5309.19
-5309.71
-5310.1
-5309.16
-5308.47
-5309.19
-5308.32
-5308.44
-5308.89
-5309.78
-5310.24
-5308.78
-5308.7
-5309.61
-5308.95
-5308.99
-5307.99
-5309.63
-5308.93
-5309.58
-5308.71
-5310.57
-5309.84
-5309.7
-5310.41
-5308.8
-5308.69
-5309.14
-5309.64
-5308.71
-5309.96
-5309.62
-5310.14
-5310.65
-5309.96
-5308.93
-5308.5
-5309.56
-5309.27
-5308.83
-5310.24
-5309.53
-5310.37
-5310.4
-5309.69
-5309.76
-5309.24
-5308.97
-5309.27
-5309.09
-5309.59
-5307.29
-5308.82
-5308.64
-5309.16
-5308.42
-5309.61
-5308.39
-5309.68
-5308.28
-5309.74
-5308.78
-5308.95
-5309.26
-5310.44
-5309.91
-5308.75
-5308.03
-5310.36
-5307.4
-5309.1
-5308.55
-5309.52
-5308.58
-5308.76
-5309.24
-5309.33
-5309.2
-5310.41
-5309.51
-5310.41
-5310.32
-5309.72
-5308.83
-5310.25
-5310.85
-5310
-5309.18
-5309.75
-5310.72
-5308.87
-5307.99
-5307.52
-5309.21
-5308.23
-5310.1
-5310.21
-5308.96
-5309.64
-5309.79
-5308.24
-5310.79
-5308.78
-5310.53
-5310.01
-5309.74
-5309.42
-5309.42
-5310.47
-5308.95
-5310.4
-5310.29
-5309.38
-5307.3
-5309.16
-5308.26
-5309.44
-5309.56
-5310.98
-5308.32
-5308.87
-5310.12
-5310.44
-5308.05
-5309.62
-5310.15
-5309.27
-5309.84
-5308.11
-5309.92
-5311.14
-5311.36
-5309.05
-5307.68
-5310.73
-5309.13
-5309.51
-5309.6
-5309.2
-5310.2
-5309.17
-5310.6
-5309.94
-5309.31
-5310
-5309.04
-5309.93
-5309.5
-5309.48
-5309.89
-5308.57
-5309.25
-5308.32
-5310
-5309.51
-5309.33
-5308.65
-5310.08
-5309.25
-5309.93
-5309.36
-5309.35
-5310.36
-5308.5
-5310.65
-5309.59
-5308.77
-5309.09
-5308.46
-5308.61
-5309.12
-5309.35
-5309.14
-5308.3
-5308.98
-5309.3
-5309.28
-5310.1
-5310.4
-5310.53
-5310.05
-5310.2
-5309.42
-5308.55
-5310.61
-5309.66
-5309.8
-5309.61
-5306.81
-5309.63
-5308.68
-5309.74
-5308.19
-5305.58
-5310.94
-5309.22
-5309.39
-5309.45
-5308.97
-5309.16
-5309.52
-5309.64
-5308.93
-5308.75
-5309.48
-5309.77
-5309.37
-5307.47
-5309.24
-5310.29
-5309.38
-5309.69
-5310.36
-5310.27
-5308.58
-5309.33
-5310.12
-5309.06
-5309.5
-5309.53
-5309.02
-5311.81
-5309.07
-5309.28
-5308.71
-5309.84
-5309.89
-5309.98
-5308.35
-5309.57
-5309.62
-5309.62
-5311.13
-5309.76
-5310.23
-5309.44
-5310.26
-5310.28
-5309.85
-5310.58
-5309.48
-5310.01
-5309.35
-5308.92
-5310.58
-5309.68
-5310.08
-5310.3
-5308.03
-5310.09
-5309.79
-5309.15
-5310.41
-5307.71
-5309.71
-5310.33
-5309.98
-5309.53
-5309.7
-5309.13
-5309.49
-5307.78
-5309.29
-5309.11
-5309.64
-5308.19
-5310.63
-5308.51
-5309.81
-5309.26
-5309.99
-5310.09
-5309.02
-5311.21
-5309.62
-5310.51
-5308.37
-5310.17
-5310.77
-5310.34
-5309.28
-5309.74
-5310.97
-5309.4
-5308.14
-5309.81
-5307.86
-5309.43
-5307.9
-5309.86
-5309.33
-5310.11
-5310.38
-5310.24
-5309.38
-5307.93
-5309.38
-5307.36
-5309.62
-5309.33
-5309.43
-5308.2
-5311.53
-5308.77
-5309.47
-5308.13
-5311.39
-5310.65
-5307.69
-5309.69
-5309.62
-5310.04
-5309.35
-5310.1
-5310.4
-5308.67
-5308.63
-5308.73
-5309.1
-5310.48
-5309.01
-5310.55
-5309.46
-5309.39
-5308.93
-5309.46
-5308.8
-5310.26
-5308.06
-5309.76
-5310.55
-5309.69
-5309.93
-5308.91
-5309.73
-5309.4
-5310.08
-5308.63
-5309.99
-5308.89
-5310.62
-5310.02
-5309.86
-5308.23
-5308.69
-5309.37
-5308.88
-5307.66
-5310.16
-5308.68
-5309.03
-5307.85
-5308.5
-5309.85
-5309.91
-5309.14
-5310.27
-5309.46
-5309.79
-5309.71
-5307.96
-5309.66
-5310.15
-5309.31
-5309.68
-5309.68
-5308.48
-5309.36
-5310.06
-5308.85
-5309.16
-5309.26
-5309.24
-5310.04
-5309.85
-5310.59
-5308.67
-5306.63
-5310.67
-5308.65
-5309.6
-5310.38
-5309.9
-5308.42
-5308.8
-5307.77
-5311.9
-5309.98
-5307.88
-5309.96
-5307.17
-5309.14
-5309.23
-5311.19
-5309.05
-5309.13
-5309.79
-5310.08
-5308.14
-5309.58
-5308.38
-5309.24
-5308.99
-5309.66
-5309.68
-5309.23
-5309.77
-5309.45
-5309.57
-5310.19
-5310.09
-5310.05
-5310.42
-5307.58
-5309.76
-5310.35
-5309.24
-5309.68
-5311.1
-5309.82
-5308.27
-5310.68
-5308.21
-5309.6
-5308.83
-5310.1
-5309.47
-5309.04
-5310.55
-5309.73
-5310.31
-5309.16
-5309.58
-5310.8
-5309.82
-5308.28
-5307.71
-5310.81
-5310.19
-5309.93
-5309.1
-5309.01
-5309.72
-5310.12
-5307.87
-5309.46
-5308.64
-5309.48
-5308.6
-5308.97
-5308.91
-5310.96
-5310.01
-5309.63
-5308.55
-5308.94
-5309.71
-5309.24
-5309.92
-5308.72
-5309.78
-5309.32
-5310.87
-5308.68
-5309.39
-5309.85
-5309.95
-5308.2
-5309.39
-5308.02
-5310.43
-5310.1
-5308.8
-5307.69
-5308.32
-5309.94
-5308.63
-5308.98
-5310.47
-5310.13
-5310.17
-5308.86
-5308.81
-5310.19
-5308.46
-5308.28
-5309.69
-5310.43
-5309.53
-5310.27
-5309.91
-5309.58
-5310.03
-5307.83
-5310.28
-5309.05
-5309.07
-5309.46
-5310.44
-5309.62
-5308.45
-5309.78
-5309.84
-5310
-5308.99
-5309.71
-5309.05
-5310.12
-5310.15
-5309.4
-5308.39
-5309.79
-5309.72
-5310.68
-5309.73
-5310.63
-5309.29
-5310.01
-5309.23
-5309.35
-5309.49
-5308.87
-5308.91
-5309.11
-5311.26
-5309.5
-5308.88
-5310.5
-5309.71
-5309.73
-5310.04
-5308.95
-5309.01
-5309.85
-5310.45
-5308.89
-5308.41
-5310.27
-5310.58
-5308.75
-5307.15
-5309.62
-5310.23
-5310.09
-5310.79
-5308.06
-5310.02
-5308.58
-5308.73
-5309.61
-5310.48
-5310.61
-5309.74
-5309.29
-5309.75
-5309.77
-5310.24
-5309.33
-5309.3
-5309.01
-5309.59
-5309.83
-5308.87
-5310.27
-5309.07
-5310.52
-5309.65
-5308.91
-5308.21
-5311.12
-5309.47
-5310.31
-5310.03
-5309.73
-5308.86
-5309.23
-5309.59
-5309.49
-5309.01
-5309.49
-5310.71
-5309.09
-5307.77
-5309.67
-5310.28
-5310.37
-5310.15
-5308.7
-5308.58
-5309.79
-5309.59
-5309.29
-5310.04
-5308.32
-5309.22
-5309.69
-5309.34
-5310.2
-5308.78
-5308.45
-5310.18
-5308.8
-5310.01
-5309.79
-5311.17
-5309.56
-5309.79
-5310.19
-5308.01
-5308.71
-5309.18
-5309.12
-5309.5
-5308.84
-5308.79
-5310.55
-5308.98
-5309.2
-5309.21
-5310.57
-5310.02
-5310.22
-5310.12
-5309.56
-5310.25
-5311.01
-5309.96
-5309.14
-5312.37
-5310.63
-5309
-5308.39
-5308.86
-5310.13
-5308.23
-5308.71
-5309.19
-5309.96
-5310.25
-5309.59
-5309.96
-5308.8
-5309.04
-5309.79
-5309.71
-5310.01
-5309.48
-5310.48
-5308.72
-5309.72
-5310
-5309.78
-5309.6
-5310.44
-5310.19
-5308.27
-5309.56
-5309.64
-5309.98
-5308.55
-5309.31
-5308.9
-5308.57
-5310.68
-5308.63
-5308.63
-5309.44
-5308.61
-5309.48
-5309.62
-5309.45
-5310.14
-5309.18
-5308.21
-5310.34
-5309.01
-5307.46
-5311.03
-5309.64
-5308.72
-5309.99
-5310.78
-5309.7
-5308.19
-5309.47
-5310.37
-5309.56
-5308.49
-5309.02
-5308.32
-5307.52
-5309.48
-5311.51
-5309.73
-5309.16
-5310.02
-5309.56
-5308.13
-5308.48
-5310.23
-5308.57
-5308.92
-5308.93
-5308.56
-5308.61
-5310.53
-5311.82
-5308.06
-5311.29
-5310.86
-5310.33
-5310.39
-5310.78
-5309.06
-5307.79
-5308.82
-5309.51
-5310.08
-5310.28
-5308.45
-5309.95
-5309.85
-5309.72
-5309.57
-5309.61
-5310.21
-5310.22
-5309.82
-5310.26
-5310.58
-5309.92
-5309.85
-5310.15
-5310.56
-5308.78
-5310.81
-5308.94
-5310.21
-5309.6
-5308.65
-5308.89
-5308.3
-5309.9
-5309.38
-5308.08
-5310.9
-5309.38
-5311.04
-5311.72
-5311.24
-5309.12
-5310.33
-5309.49
-5308.96
-5309.97
-5309.27
-5309.65
-5308.95
-5310.14
-5310.21
-5310.99
-5310.63
-5309.37
-5309.06
-5309.07
-5309.62
-5309.7
-5308.63
-5308.62
-5308.26
-5310.8
-5310.04
-5309.5
-5308.37
-5308.97
-5307.61
-5309.4
-5309.36
-5308.96
-5308.79
-5309.12
-5308.98
-5309.18
-5310.57
-5308.57
-5310.12
-5310.3
-5308.54
-5310.93
-5309.89
-5310.05
-5310.1
-5310.08
-5308.89
-5310.64
-5310.45
-5308.76
-5308.56
-5308.98
-5310.2
-5309.48
-5309.41
-5310.04
-5310.58
-5310.96
-5308.94
-5310.6
-5310.06
-5310.26
-5310.63
-5310.3
-5309.97
-5310.38
-5308.77
-5310.13
-5309.54
-5309.11
-5309.99
-5309.27
-5310.12
-5309.52
-5309.52
-5308.42
-5309.7
-5309.27
-5310.25
-5308.96
-5309.89
-5310.06
-5309.38
-5310.11
-5311.43
-5310.85
-5309.93
-5308.53
-5307.95
-5309.72
-5310.15
-5309.48
-5310.64
-5310.34
-5309.15
-5310.1
-5309.16
-5309.88
-5310.14
-5309.94
-5311.3
-5308.8
-5309.65
-5309.4
-5309.99
-5310.01
-5311.54
-5309.36
-5310.38
-5309.57
-5309.51
-5309.98
-5311.06
-5309.49
-5308.7
-5309.11
-5310
-5309.05
-5310.28
-5309.59
-5309.35
-5308.24
-5309.18
-5310.23
-5309.5
-5309.6
-5309.65
-5309.87
-5310.23
-5308.91
-5310.97
-5310.91
-5310.38
-5309.81
-5307.72
-5308.4
-5310.05
-5309.69
-5309.07
-5308.51
-5308.14
-5309.49
-5309.95
-5309.8
-5309.86
-5308.4
-5310.49
-5309.08
-5308.79
-5309.95
-5309.77
-5308.75
-5309.03
-5308.98
-5310.47
-5310.16
-5310.76
-5309.77
-5309.77
-5309.58
-5310.47
-5309.45
-5311.21
-5310.3
-5309.31
-5309.73
-5310.34
-5310.95
-5310.09
-5309.71
-5308.28
-5310.05
-5310.52
-5309.61
-5310.28
-5308.83
-5308.76
-5309.84
-5309.69
-5309.31
-5310.56
-5308.37
-5310.13
-5309.28
-5309.04
-5308.92
-5308.84
-5309.77
-5309.47
-5308.97
-5309.84
-5309.23
-5310.81
-5309.74
-5310.85
-5311.64
-5309.99
-5309.37
-5310.34
-5309.66
-5308.82
-5312.05
-5310.04
-5309
-5307.85
-5308.07
-5308.7
-5310.13
-5310.07
-5309.42
-5311.57
-5310.77
-5311.35
-5309.41
-5310.5
-5310.03
-5309.72
-5309.98
-5308.81
-5308.52
-5310.75
-5309.5
-5308.36
-5310.65
-5310.98
-5309.62
-5309.26
-5310.76
-5309.06
-5308.86
-5309.99
-5310.53
-5309.9
-5309.19
-5310.97
-5310.18
-5311.37
-5309.85
-5309.38
-5308.93
-5308.2
-5309.72
-5307.67
-5309.08
-5310.97
-5308.3
-5309.66
-5310.47
-5309.28
-5309.19
-5304.58
-5310.31
-5310.81
-5309.54
-5309.11
-5311.25
-5309.88
-5309.42
-5311.11
-5309.11
-5309.99
-5310.02
-5310.39
-5310.82
-5309.31
-5310.39
-5309.05
-5309.39
-5310.99
-5310.1
-5308.76
-5311.09
-5308.96
-5309.63
-5308.76
-5309.46
-5309.45
-5308.83
-5310.58
-5310.08
-5311.56
-5311.75
-5310.19
-5309.64
-5311.38
-5309.9
-5308.48
-5309.83
-5309.49
-5309.74
-5309.58
-5309.33
-5307.18
-5309.95
-5310.49
-5309.64
-5310.81
-5310.07
-5309.75
-5309.79
-5309.69
-5310.24
-5310.17
-5311.15
-5309.61
-5310.47
-5310.02
-5310.12
-5309.21
-5308.9
-5308.99
-5309.87
-5310.48
-5310.46
-5309.27
-5308.92
-5311.09
-5308.71
-5309.49
-5310.89
-5309.25
-5309.99
-5307.35
-5309.52
-5309.1
-5310.23
-5310.06
-5311.36
-5309.46
-5311.96
-5308.92
-5309.52
-5310.08
-5308.47
-5311.28
-5309.74
-5309.8
-5308.96
-5310.72
-5310.82
-5310.58
-5309.19
-5309.74
-5309.21
-5310.11
-5308.88
-5309.56
-5309.45
-5311.21
-5309.58
-5310.11
-5309.39
-5309.02
-5309.47
-5309.66
-5309.71
-5310.61
-5309.2
-5310.08
-5310.16
-5310.49
-5309.45
-5311.23
-5310.57
-5309.78
-5310.03
-5309.75
-5309.06
-5310.55
-5310.45
-5310.55
-5309.46
-5310.37
-5309.17
-5309.84
-5308.55
-5309.91
-5308.82
-5309.21
-5310.46
-5309.05
-5310.33
-5308.77
-5310.04
-5309.42
-5310.48
-5308.57
-5308.75
-5310.22
-5309.38
-5307.44
-5309.88
-5309.26
-5309.47
-5308.71
-5308.54
-5309.66
-5310.55
-5309.9
-5308.45
-5310.42
-5306.8
-5310.41
-5309.49
-5309.85
-5309.63
-5309.83
-5310.62
-5310.89
-5310.97
-5308.81
-5309.17
-5309.25
-5309.45
-5309.62
-5308.93
-5309.31
-5309.32
-5310.22
-5308.75
-5310.69
-5309.83
-5310.5
-5309.99
-5308.63
-5308.95
-5308.93
-5310.83
-5308.49
-5310.2
-5310.08
-5308.73
-5310.01
-5309.38
-5309.81
-5310.24
-5309.43
-5309.92
-5310.98
-5310.59
-5308.36
-5310.18
-5309.45
-5309.98
-5307.2
-5309.9
-5306.96
-5309.55
-5309.67
-5310.6
-5310
-5309.28
-5309.25
-5309.62
-5309.12
-5310.42
-5309.62
-5309.83
-5309.78
-5310.07
-5309.71
-5309.47
-5310.69
-5309.6
-5310.71
-5310.02
-5309.07
-5309.35
-5308.73
-5309.22
-5310.9
-5309.6
-5309.82
-5309.46
-5309.39
-5310.17
-5310.46
-5310.34
-5309.43
-5310.01
-5309.66
-5309.23
-5309.91
-5310.5
-5310.11
-5311.53
-5308.33
-5310.11
-5310.72
-5311.14
-5309.41
-5309.48
-5308.97
-5310.01
-5310.57
-5309.92
-5309.9
-5310.14
-5310.01
-5310.23
-5308.81
-5309.09
-5311.08
-5309.14
-5308.88
-5310.04
-5309.11
-5311.09
-5309.77
-5309.51
-5310.06
-5309.38
-5309.67
-5310.07
-5309.83
-5308.27
-5309.86
-5310.42
-5309.45
-5310.32
-5310.81
-5309.51
-5307.09
-5311.32
-5309.12
-5308.71
-5311.81
-5309.19
-5308.49
-5309.52
-5309.3
-5308.82
-5309.18
-5309.62
-5309.11
-5310.65
-5309.87
-5309.58
-5308.83
-5309.04
-5310.62
-5310.33
-5310.51
-5312.11
-5310.27
-5310.18
-5310.22
-5309.67
-5309.51
-5311.29
-5311.02
-5309.42
-5310.91
-5308.64
-5309.96
-5308.17
-5309.32
-5310.1
-5308.8
-5309.36
-5311.17
-5309.01
-5310.4
-5309.79
-5310.06
-5310.78
-5309
-5310.71
-5309.82
-5309.19
-5308.06
-5309.26
-5309.32
-5309.69
-5310.34
-5309.89
-5309.14
-5310.29
-5309.9
-5310.46
-5310.17
-5308.9
-5309.49
-5310.44
-5309.07
-5309.51
-5309.04
-5310.22
-5310.59
-5310.19
-5310.48
-5309.83
-5308.96
-5308.81
-5310.36
-5310.07
-5310.35
-5310.54
-5307.73
-5310.14
-5309.47
-5310.09
-5308.66
-5308.97
-5310.77
-5310.29
-5308.88
-5310.63
-5308.81
-5310.16
-5310.15
-5309.83
-5310.36
-5309.11
-5310.4
-5309.06
-5309.45
-5310.53
-5309.62
-5309.8
-5308.7
-5310.02
-5309.08
-5308.26
-5309.9
-5309.82
-5309.73
-5309.76
-5309.36
-5308.61
-5309.86
-5309.62
-5309.44
-5310.13
-5309.71
-5309.89
-5310.28
-5309.5
-5309.39
-5311.42
-5308.71
-5310.72
-5310.74
-5310.02
-5309.73
-5309.95
-5309.6
-5310.66
-5309.81
-5308.2
-5308.22
-5311.17
-5310.05
-5309.49
-5309.22
-5310.34
-5309.76
-5311.57
-5309.15
-5309.56
-5310.74
-5309.26
-5309.82
-5310.97
-5309.74
-5310.11
-5309.68
-5308.44
-5310.33
-5309.87
-5308.71
-5309.99
-5310.59
-5310.2
-5310.14
-5311.85
-5309.72
-5309.88
-5309.08
-5311
-5310.02
-5309.83
-5309.22
-5310.33
-5309.51
-5310.95
-5308.65
-5310.29
-5308.38
-5310.04
-5310.71
-5308.95
-5309.88
-5309.02
-5309.45
-5309.18
-5310.18
-5308.99
-5311.44
-5309.13
-5308.57
-5310.07
-5309.88
-5309.46
-5309.9
-5309.94
-5309.27
-5307.64
-5312.34
-5309.47
-5308.31
-5308.82
-5310.18
-5309.88
-5308.17
-5308.8
-5308.93
-5310.95
-5310.25
-5310.26
-5310.29
-5309.91
-5309.32
-5309.04
-5309.22
-5309.98
-5309.77
-5308.2
-5309.36
-5309.11
-5309.66
-5311.15
-5309.45
-5310.83
-5309.53
-5309.14
-5309.76
-5310.22
-5309.25
-5311.29
-5310.22
-5311.07
-5309.42
-5309.88
-5309.77
-5308.2
-5309.69
-5310.55
-5309.51
-5309.74
-5308.83
-5310.15
-5309.36
-5308.33
-5310.18
-5309.69
-5310.03
-5311.33
-5308.77
-5309.81
-5308.68
-5309.58
-5309.08
-5309.57
-5308.62
-5309.97
-5310.79
-5310.71
-5310.49
-5309.74
-5308.89
-5309.48
-5308.96
-5308.61
-5309.76
-5308.95
-5309.54
-5310.47
-5309.48
-5308.56
-5308.49
-5309.67
-5310.57
-5309.2
-5309.39
-5307.83
-5308.97
-5310.19
-5310.1
-5310.22
-5309.55
-5310.44
-5310.14
-5310.82
-5310.11
-5308.85
-5309.41
-5310.01
-5309.32
-5312.13
-5311.27
-5308.71
-5310.32
-5308.33
-5308.81
-5310.75
-5308.98
-5309.38
-5310.86
-5309.54
-5309.48
-5310.02
-5310.35
-5310.12
-5310.3
-5310.48
-5309.07
-5308.35
-5309.98
-5310.85
-5309.92
-5310.44
-5309.48
-5309.66
-5310.2
-5309.97
-5308.3
-5311.31
-5310.48
-5310.63
-5310.25
-5308.5
-5309.56
-5310.22
-5310.65
-5307.41
-5308.25
-5310.46
-5309.98
-5310.73
-5309.77
-5308.92
-5309.59
-5307.71
-5309.02
-5309.32
-5310.23
-5310.14
-5309.56
-5309.4
-5310.12
-5310.8
-5311.08
-5308.97
-5310.23
-5310.14
-5311
-5309.83
-5309.25
-5308.14
-5307.65
-5310.94
-5309.39
-5310.33
-5311.08
-5310.24
-5309.88
-5309.05
-5308.47
-5308.42
-5309.77
-5309.45
-5309.42
-5309.96
-5308.6
-5309.43
-5308.17
-5310.26
-5311.07
-5309.42
-5310.72
-5309.14
-5310.5
-5309.46
-5309.77
-5309.07
-5309.29
-5308.29
-5310.98
-5309.72
-5308.86
-5311.33
-5310.11
-5310
-5308.95
-5308.88
-5310.47
-5310.6
-5308
-5310.59
-5309.02
-5310.46
-5308.65
-5310.43
-5308.8
-5309.43
-5310.25
-5307.15
-5309.33
-5309.92
-5310.06
-5310.33
-5308.49
-5308.46
-5308.46
-5310.54
-5310.43
-5309.06
-5310.25
-5309.79
-5309.9
-5310.98
-5309.62
-5309.53
-5310.81
-5309.78
-5309.06
-5309.44
-5310.39
-5310.15
-5309.77
-5309.57
-5308.99
-5309.67
-5310.68
-5309.2
-5309.45
-5310.83
-5308.8
-5309.64
-5309.71
-5310.9
-5309.97
-5309.58
-5310.61
-5309.92
-5310.04
-5310.87
-5311.08
-5308.75
-5310.25
-5309.01
-5309.08
-5309.01
-5310.88
-5310.7
-5309.77
-5309.32
-5309.64
-5308.68
-5308.55
-5309.17
-5310.09
-5309.89
-5309.67
-5310.01
-5310.24
-5309.45
-5310.83
-5310.59
-5308.28
-5310.78
-5311.01
-5311.58
-5309.69
-5311.55
-5309.63
-5310.87
-5309.45
-5311.14
-5310.2
-5309.2
-5309.92
-5310.59
-5310.13
-5310.42
-5308.95
-5308.73
-5309.96
-5308.83
-5309.55
-5308.81
-5310.35
-5309.06
-5309.08
-5309.2
-5309.65
-5309.62
-5310.72
-5310.52
-5308.92
-5309.25
-5307.74
-5310.88
-5308.54
-5309.52
-5309.68
-5308.73
-5309.9
-5308.43
-5310.99
-5309.01
-5309.51
-5308.46
-5310.44
-5308.44
-5309.69
-5309.04
-5309.68
-5308.81
-5309.96
-5310.27
-5310.15
-5309.27
-5309.98
-5309.39
-5308.97
-5310.26
-5310.04
-5309.69
-5309.62
-5310.8
-5310.45
-5309.02
-5309.56
-5307.95
-5311.04
-5310.16
-5311.4
-5310.14
-5309.5
-5311.16
-5309.56
-5309.04
-5308.89
-5311.04
-5309.8
-5309.48
-5310.2
-5309.28
-5310.05
-5309.58
-5309.83
-5309.96
-5310.86
-5310.25
-5309.68
-5309.14
-5311.68
-5309.31
-5308.98
-5310.04
-5309.55
-5307.77
-5308.73
-5310.48
-5309.25
-5310.19
-5311.14
-5310.48
-5308.67
-5310.11
-5308.7
-5311.14
-5309.06
-5310.77
-5309.33
-5311.4
-5310.11
-5307.96
-5310.75
-5310.82
-5309.69
-5310.65
-5309.41
-5309.81
-5309.64
-5309.67
-5309.43
-5311
-5309.6
-5310.03
-5310.2
-5310.43
-5308.07
-5308.87
-5309.7
-5309.7
-5310.23
-5309.8
-5309.72
-5310.04
-5308.54
-5309.46
-5310.1
-5309.1
-5310.33
-5310.26
-5310.57
-5311.81
-5309.89
-5310.4
-5311.21
-5311.54
-5311.02
-5308.67
-5310.91
-5311.88
-5308.71
-5309.37
-5311
-5309.01
-5309.48
-5309.56
-5310.74
-5310.06
-5310.27
-5311.4
-5309.46
-5311.23
-5309.27
-5309.9
-5310.12
-5311.01
-5311.32
-5309.96
-5309.91
-5311.02
-5309.2
-5308.75
-5309.65
-5310.14
-5311.27
-5308.98
-5309.85
-5311.03
-5309.6
-5309.97
-5309.13
-5308.26
-5309.91
-5310.53
-5308.75
-5309.78
-5307.74
-5308.3
-5309.94
-5310.12
-5310.29
-5309.19
-5309.94
-5309.75
-5311.13
-5310.55
-5309.83
-5308.96
-5309.27
-5311.76
-5309.12
-5309.75
-5309.56
-5309.91
-5308.44
-5311.07
-5308.17
-5310.48
-5308.87
-5309.6
-5309.82
-5310.46
-5310.02
-5310.68
-5311.06
-5310.33
-5309.02
-5309.32
-5311.01
-5310.35
-5310.17
-5309.79
-5310.66
-5309.86
-5309.54
-5310.96
-5309.76
-5311.92
-5311.03
-5309.28
-5309.96
-5309.24
-5310.32
-5310.17
-5310.41
-5308.93
-5310.3
-5309.67
-5308.95
-5310.31
-5310.55
-5310.84
-5309.83
-5309.22
-5310.95
-5310.48
-5309.06
-5309.12
-5311.51
-5309.72
-5310.23
-5309.52
-5310.93
-5308.54
-5309.84
-5309.41
-5309.37
-5309.76
-5308.89
-5309.73
-5309.72
-5308.76
-5309.98
-5309.12
-5309.38
-5312.29
-5310.67
-5309.43
-5309.85
-5308.93
-5310.33
-5309.88
-5310.9
-5309.61
-5310.12
-5308.65
-5310.15
-5310.71
-5308.69
-5310.64
-5308.21
-5310.85
-5311.51
-5309.44
-5310.08
-5309.74
-5310.82
-5309.47
-5309.27
-5308.15
-5311.88
-5311.35
-5310.01
-5308.87
-5308.78
-5310.06
-5310.93
-5309.58
-5309.85
-5309.76
-5309.87
-5310.27
-5311.15
-5310.57
-5309.27
-5309.63
-5310.67
-5310.46
-5310.1
-5310.7
-5310.61
-5309.83
-5311.86
-5309.1
-5309.3
-5309.45
-5310.35
-5308.75
-5310.31
-5310.62
-5311.04
-5309.07
-5310.56
-5310.01
-5309.61
-5309.1
-5310.31
-5310.99
-5308.99
-5309.25
-5309.66
-5310.2
-5310.01
-5310.43
-5311.45
-5309.67
-5310.22
-5311.44
-5310.64
-5311.16
-5310.23
-5310.69
-5308.75
-5309.29
-5310.08
-5310.13
-5308.63
-5310.22
-5309.86
-5309.22
-5310.14
-5310.27
-5309.17
-5309.2
-5309.42
-5309.37
-5311.2
-5310.79
-5308.69
-5308.93
-5309.35
-5308.55
-5311.26
-5309.13
-5310.77
-5309.25
-5309.8
-5309.23
-5309.34
-5310
-5310.12
-5309.72
-5310.68
-5309.47
-5309.19
-5309.7
-5309.39
-5309.09
-5310.1
-5310.37
-5309.46
-5309.8
-5310.2
-5310.47
-5311.84
-5308.7
-5309.42
-5309.84
-5310.88
-5310.47
-5308.73
-5311.77
-5308.39
-5309.43
-5310.37
-5310.77
-5310.02
-5308.78
-5309.14
-5310.05
-5309.45
-5309.71
-5310.03
-5311.48
-5309.43
-5310.97
-5310.51
-5309.86
-5310.49
-5308.7
-5309.2
-5311.01
-5310.21
-5309.58
-5309.79
-5310.49
-5309.76
-5310.55
-5309.73
-5309.63
-5309.29
-5310.76
-5309.34
-5309.49
-5309.5
-5311.64
-5310.4
-5308.6
-5311.09
-5311.19
-5310.48
-5309.8
-5309.28
-5308.89
-5309.62
-5310.26
-5310.75
-5309.94
-5310.03
-5310.01
-5310.38
-5308.67
-5309.68
-5310.53
-5309.83
-5309.7
-5308.82
-5310.08
-5311.12
-5311.05
-5310.42
-5309.53
-5310
-5310.4
-5309.99
-5311.07
-5310.63
-5310.73
-5308.41
-5305.57
-5310.62
-5310.2
-5309.15
-5310.34
-5310.27
-5309.8
-5310.77
-5310.36
-5309.91
-5309.63
-5310.38
-5308.04
-5309.71
-5308.41
-5309.9
-5309.96
-5309.69
-5310.71
-5309.05
-5309.53
-5309.81
-5309.82
-5309.79
-5308.6
-5310.01
-5310.01
-5310.35
-5310.39
-5309.86
-5309.84
-5310.2
-5308.97
-5309.69
-5309.71
-5310.43
-5310.6
-5310.61
-5310.15
-5309.3
-5311.34
-5309.95
-5311.05
-5310.91
-5309.6
-5309.05
-5310.24
-5309.38
-5310.75
-5309.38
-5309.63
-5310.31
-5310.56
-5310.1
-5308.94
-5310.86
-5309.53
-5311.01
-5310.3
-5310.69
-5309.25
-5310.21
-5310.58
-5308.85
-5309.65
-5309.25
-5312.07
-5309.91
-5308.67
-5309.26
-5309.53
-5308.75
-5309.97
-5309.7
-5310.16
-5310.42
-5309.29
-5309.77
-5311.47
-5309.87
-5309.81
-5309.74
-5310.15
-5310.37
-5309.6
-5310.89
-5310.17
-5310.37
-5310.39
-5309.85
-5308.32
-5310.09
-5312.28
-5309.53
-5309.39
-5310.31
-5311.22
-5310.52
-5310.66
-5309.83
-5309.25
-5310.81
-5309.83
-5311.03
-5310.21
-5310.69
-5307.6
-5309.89
-5309.95
-5309.44
-5310.43
-5310.51
-5308.54
-5309.25
-5309.76
-5310.54
-5309.03
-5310.87
-5310.82
-5310.3
-5308.5
-5310.62
-5309.23
-5309.14
-5311.39
-5309.2
-5308.12
-5310.04
-5310.68
-5311.16
-5308.23
-5310.8
-5311.22
-5310.66
-5308.79
-5310.35
-5310.83
-5309.54
-5309.35
-5309.62
-5310.29
-5310.5
-5311.23
-5309.77
-5309.89
-5309.26
-5308.77
-5311.19
-5309.8
-5310.69
-5308.96
-5307.84
-5309.49
-5308.65
-5309.53
-5310.63
-5308.1
-5311.37
-5309.67
-5310.92
-5310.34
-5309.78
-5310.33
-5309.53
-5308.8
-5310.95
-5308.8
-5310.34
-5308.54
-5309.7
-5309.27
-5309.89
-5311.12
-5309.95
-5310.74
-5309.31
-5310.73
-5309.17
-5310.25
-5309.93
-5309.95
-5308.87
-5310.54
-5309.11
-5309.52
-5309.2
-5309.56
-5310.44
-5309.42
-5310.98
-5310.18
-5309.96
-5308.69
-5310.63
-5309.98
-5309.58
-5309.06
-5310.42
-5306.46
-5310.98
-5310
-5310.41
-5309.81
-5310.36
-5310.42
-5309.51
-5309.94
-5309.61
-5308.4
-5309.58
-5309.66
-5309.87
-5310.13
-5310.53
-5309.23
-5309.38
-5311.63
-5310.89
-5310.66
-5309.57
-5310.08
-5309.4
-5309.95
-5310.51
-5310.28
-5309.52
-5311.14
-5309.86
-5308.77
-5310.25
-5310.48
-5308.53
-5309.85
-5309.87
-5309.87
-5311.27
-5310.4
-5309.84
-5310.47
-5309.59
-5310.16
-5310.92
-5308.34
-5308.26
-5309.96
-5309.83
-5309.15
-5310.16
-5309.67
-5309.06
-5310.01
-5309.1
-5309.05
-5309.55
-5310.8
-5309.33
-5311.07
-5310.33
-5311.7
-5310.77
-5309.47
-5310.52
-5310.09
-5311.37
-5309.17
-5309.97
-5311.47
-5309.6
-5310.88
-5310.89
-5310.41
-5308.52
-5311.09
-5309.13
-5310.07
-5311.41
-5309.6
-5308.58
-5308.66
-5311.07
-5310.88
-5309.3
-5310.3
-5309.54
-5310.25
-5306.57
-5308.02
-5309.75
-5310.89
-5309.62
-5310.58
-5310.12
-5308.98
-5309.38
-5309.45
-5310.72
-5308.94
-5310.89
-5311.71
-5309.58
-5309.96
-5310.49
-5309.58
-5309.73
-5307.54
-5309.94
-5307.73
-5309.06
-5309.64
-5311.79
-5309.83
-5309.66
-5309.79
-5309.62
-5309.62
-5309.94
-5310.8
-5311.34
-5309.85
-5310
-5311.24
-5309.88
-5310.64
-5310.13
-5310.6
-5308.92
-5309.51
-5311.32
-5310.36
-5310.63
-5309.79
-5310.7
-5310.94
-5310.55
-5310.18
-5308.24
-5309.63
-5308.38
-5309.33
-5311.21
-5308.43
-5309.75
-5309.22
-5309.32
-5309.84
-5309.85
-5311.05
-5311.11
-5310.25
-5310.58
-5309.8
-5311.03
-5310.33
-5307.87
-5310.48
-5309.98
-5309.58
-5309.03
-5308.55
-5311.3
-5307.94
-5310.01
-5309.39
-5309.5
-5311.27
-5310.46
-5309.86
-5310.18
-5310.77
-5310.16
-5309.61
-5309.81
-5308.94
-5309.53
-5310.82
-5312.4
-5308.51
-5309.69
-5309.25
-5309.36
-5310.92
-5310.71
-5307.4
-5309.57
-5309.24
-5310.25
-5310.4
-5310.86
-5309.84
-5311.12
-5308.63
-5309.72
-5309.6
-5308.14
-5310.39
-5309.94
-5309.3
-5310.5
-5310.17
-5310.11
-5309.55
-5308.74
-5309.69
-5309.58
-5310.39
-5311.35
-5310.3
-5310.02
-5308.99
-5310.68
-5310.08
-5308.21
-5310.33
-5310.1
-5310.06
-5311.28
-5309.61
-5312.32
-5307.89
-5309.14
-5309.32
-5310.07
-5310.37
-5310.65
-5310.33
-5310.87
-5307.86
-5310.93
-5309.75
-5309.52
-5310.24
-5310.67
-5312.38
-5309.74
-5309.87
-5310.21
-5309.82
-5309.34
-5309.04
-5310.82
-5310.88
-5310.1
-5310.86
-5308.39
-5309.9
-5309.78
-5311.1
-5310.87
-5309.93
-5309.81
-5308.03
-5309.26
-5309.09
-5311.33
-5310.29
-5309.58
-5309.07
-5311.3
-5310.06
-5310.65
-5309.15
-5310.16
-5308.69
-5310.35
-5309.34
-5309.17
-5309.03
-5310.85
-5310.88
-5310.7
-5310.45
-5309.67
-5309.79
-5309.77
-5310.74
-5310.12
-5309.36
-5309.03
-5310.53
-5310.75
-5308.83
-5309.75
-5308.89
-5310.11
-5309.59
-5308.92
-5311.05
-5309.2
-5309.53
-5310.54
-5308.93
-5311.62
-5310.02
-5309.37
-5310.54
-5309.23
-5310.08
-5308.54
-5310.04
-5312
-5308.51
-5309.29
-5309.9
-5310.58
-5309.69
-5311.04
-5309.38
-5309.4
-5310.97
-5310.53
-5308.64
-5308.32
-5309.86
-5308.64
-5309.53
-5309.65
-5309.5
-5310.74
-5309.66
-5309.87
-5308.82
-5310.47
-5309.59
-5309.61
-5310.75
-5310.66
-5310.36
-5309.51
-5311.67
-5311.13
-5308.58
-5308.95
-5309.85
-5311.38
-5310.67
-5309.34
-5308.75
-5309.96
-5308.93
-5309.95
-5309.1
-5310.05
-5309.16
-5309.96
-5309.66
-5310.52
-5310.89
-5310.39
-5310.44
-5310.39
-5309.82
-5309.77
-5309.13
-5311.54
-5309.95
-5310.25
-5311.01
-5311.43
-5310.05
-5308.65
-5309.55
-5310.14
-5309.07
-5310.67
-5310.3
-5309.64
-5309.25
-5310.85
-5310.75
-5310.04
-5310.98
-5309.18
-5307.94
-5309.53
-5308.9
-5310.27
-5309.49
-5311.38
-5309.74
-5310.25
-5309.71
-5310.93
-5311.69
-5309.46
-5309.83
-5309.62
-5309.75
-5310.05
-5309.35
-5309.6
-5309.61
-5309.63
-5310.46
-5309.62
-5308.93
-5310.57
-5310.59
-5309.41
-5310.65
-5309.62
-5310.88
-5310.27
-5309.4
-5309.37
-5309.3
-5309.63
-5310.24
-5308.97
-5310.47
-5309.99
-5310.12
-5309.76
-5309.32
-5308.71
-5311.08
-5310.12
-5308.55
-5307.83
-5310.37
-5309.75
-5310.56
-5310.2
-5311.17
-5308.74
-5309.46
-5309.57
-5311.09
-5310.41
-5308.57
-5309.8
-5309.62
-5310.52
-5309.96
-5309.81
-5310.5
-5309.7
-5310.74
-5309.43
-5310.16
-5310.2
-5311.2
-5310.63
-5310.16
-5311.7
-5309.23
-5310.14
-5309.01
-5309.68
-5308.89
-5310.12
-5310.39
-5310.11
-5309.09
-5311.18
-5309.4
-5310.69
-5309.36
-5310.17
-5310.19
-5310.18
-5308.78
-5309.39
-5309.13
-5309.5
-5310.33
-5310.65
-5310.18
-5309.93
-5309.55
-5309.19
-5310.68
-5310.84
-5310.06
-5310.01
-5309.93
-5309.08
-5310.53
-5309.36
-5308.93
-5310.76
-5308.73
-5311.25
-5309.35
-5310.82
-5310.97
-5310.08
-5308.75
-5309.48
-5310.79
-5309.21
-5310.51
-5309.69
-5308.88
-5309.14
-5310.06
-5310.11
-5309.84
-5309.81
-5308.94
-5311.06
-5309.58
-5310.4
-5310.11
-5309.42
-5309.24
-5309.09
-5309.08
-5309.88
-5309.87
-5308.7
-5308.57
-5310.49
-5310.74
-5308.77
-5308.31
-5309.26
-5309.16
-5309.38
-5310.33
-5310.02
-5310.19
-5309.08
-5309.38
-5308.64
-5309.54
-5310.31
-5308.94
-5309.6
-5307.33
-5309.81
-5310.14
-5309.38
-5309.13
-5308.85
-5309.18
-5309.78
-5310.26
-5310.43
-5310.24
-5309.7
-5310.32
-5310.88
-5309.73
-5311.1
-5310.58
-5310.22
-5310.11
-5310.12
-5310.04
-5309.92
-5309.16
-5310.1
-5309.13
-5310.56
-5311.11
-5309.28
-5309.67
-5311.23
-5310.32
-5311.33
-5310.54
-5309.48
-5310.82
-5310.54
-5310
-5310.65
-5311.59
-5309.76
-5310.26
-5310.9
-5309.98
-5309.72
-5308.48
-5309.62
-5310.74
-5309.15
-5309.57
-5309.61
-5310.98
-5309.39
-5309.15
-5310.69
-5309.98
-5309.09
-5310.45
-5310.94
-5309.21
-5308.25
-5311.31
-5310.5
-5308.17
-5309.35
-5310.7
-5310.14
-5309.67
-5310.47
-5310.97
-5310.57
-5309.49
-5309.75
-5310.34
-5309.03
-5310.55
-5311.28
-5308.28
-5310.2
-5310.01
-5310.61
-5311.19
-5309.54
-5310.22
-5310.6
-5309.66
-5311.08
-5309.37
-5308.96
-5309.63
-5309.01
-5310.9
-5310.59
-5309.97
-5310.68
-5311.57
-5309.24
-5309.94
-5310.69
-5309.41
-5311.51
-5309.43
-5309.73
-5310.92
-5310.99
-5308.84
-5309.03
-5310.19
-5308.44
-5309.5
-5309.81
-5309.58
-5309.46
-5309.92
-5312.09
-5310.2
-5309.85
-5310.24
-5310.02
-5309.77
-5311.18
-5310.04
-5310.1
-5310.32
-5310.29
-5309.45
-5310.19
-5309.01
-5310.75
-5309.07
-5309.04
-5310.69
-5309.75
-5309.66
-5309.79
-5309.75
-5310.4
-5310.21
-5309.77
-5311.03
-5310.6
-5309.86
-5309.16
-5310.61
-5310.24
-5309.77
-5309.9
-5309.71
-5310.79
-5308.89
-5310.91
-5308.82
-5310.21
-5309.41
-5310.12
-5309.34
-5310.38
-5311.2
-5310.53
-5309.87
-5309.74
-5310.64
-5310.93
-5310.27
-5310.6
-5309.18
-5309.03
-5312.16
-5309.52
-5310.03
-5310.05
-5309.98
-5309.51
-5309.63
-5310.56
-5309.69
-5308.76
-5309.95
-5310.05
-5309.65
-5308.95
-5311.17
-5309.76
-5309.46
-5310.66
-5309.2
-5309.77
-5309.54
-5310.56
-5310.97
-5310.36
-5310.75
-5309.38
-5309.7
-5309.06
-5309.98
-5309.29
-5310.57
-5310.13
-5310.57
-5309.73
-5310.76
-5309.14
-5310.03
-5309.11
-5311.17
-5308.2
-5310.28
-5310.2
-5310.5
-5309.81
-5310.01
-5309.83
-5308.44
-5309.5
-5308.51
-5308.2
-5309.3
-5312.1
-5310.36
-5311.52
-5309
-5310.54
-5310.08
-5310.39
-5309.19
-5310.72
-5309.82
-5310.44
-5310.62
-5310.67
-5309.65
-5309.5
-5310.54
-5309.19
-5309.35
-5310.19
-5311.13
-5310.07
-5310.75
-5310.12
-5309.16
-5310.61
-5310.71
-5308.29
-5310.62
-5309.5
-5311.36
-5309.43
-5311.53
-5310.35
-5308.27
-5310.16
-5309.77
-5310.2
-5310.86
-5310.28
-5308.95
-5310.31
-5310.02
-5309.13
-5308.56
-5311.78
-5309.3
-5310.38
-5310.14
-5310.68
-5310.27
-5309.64
-5310.06
-5310.07
-5309.56
-5309.34
-5310.94
-5309.79
-5310.01
-5309.68
-5310.78
-5310.66
-5309.39
-5310.12
-5310.79
-5308.98
-5310.53
-5310.96
-5310.19
-5309.76
-5311.69
-5310.79
-5310.91
-5309.16
-5309.56
-5309.85
-5310.1
-5310.32
-5310.57
-5310.68
-5309.49
-5309.94
-5309.09
-5309.56
-5310.55
-5308.31
-5308.92
-5309.74
-5309.51
-5310.87
-5308.98
-5311.37
-5311.02
-5309.62
-5310.56
-5309.54
-5309.98
-5309.73
-5310.1
-5310.13
-5310.02
-5311.25
-5309.78
-5308.74
-5310.83
-5310.58
-5310.18
-5309.77
-5310.25
-5309.98
-5310.46
-5310.17
-5309.48
-5310.65
-5310.62
-5310.5
-5309.73
-5311.17
-5309.87
-5309.92
-5310.96
-5309.2
-5309.71
-5309.24
-5309.24
-5308.56
-5310.84
-5310.14
-5310.04
-5309.76
-5309.53
-5310.37
-5310.37
-5309.84
-5309.71
-5310.2
-5308.84
-5309.31
-5308.59
-5309.62
-5310.59
-5310.61
-5310.39
-5310.98
-5310.42
-5311.25
-5309.5
-5310.13
-5310.1
-5309.22
-5311.18
-5310.15
-5310.5
-5309.69
-5309.38
-5310.47
-5310.17
-5310.88
-5309.93
-5309.57
-5311.36
-5309.55
-5309.96
-5310.22
-5309.81
-5310.14
-5310.05
-5309.53
-5309.65
-5308.71
-5310.67
-5310.31
-5309.83
-5309.19
-5309.76
-5310.97
-5309.74
-5310.19
-5309.43
-5310.03
-5311
-5309.47
-5309.08
-5310.12
-5309.75
-5310.36
-5309.57
-5311.56
-5309.79
-5310.01
-5311.27
-5309.77
-5310.74
-5309.96
-5309.81
-5310.43
-5309.25
-5309.23
-5309.53
-5309.73
-5309.33
-5308.71
-5309.34
-5310.6
-5309.92
-5310.02
-5311.88
-5310.01
-5310.21
-5310.56
-5311.58
-5311.05
-5309.12
-5309.21
-5309.3
-5310.36
-5310.58
-5310.66
