# loss
-638.072
-638.688
-637.365
-640.927
-636.979
-639.088
-642.035
-637.34
-637.935
-638.206
-639.24
-636.909
-639.38
-641.506
-641.333
-639.735
-638.809
-640.079
-640.04
-640.851
-636.642
-638.455
-636.092
-635.906
-639.804
-637.861
-636.427
-640.847
-638.164
-641.244
-637.718
-638.027
-637.042
-640.413
-637.001
-639.444
-636.524
-639.654
-637.863
-638.483
-640.648
-640.604
-638.878
-637.882
-638.062
-638.276
-637.072
-639.041
-637.978
-643.466
-637.328
-639.33
-637.229
-638.3
-639.401
-639.463
-634.457
-637.412
-640.026
-637.458
-640.205
-637.043
-639.335
-638.328
-637.306
-638.473
-642.826
-636.722
-640.061
-638.038
-640.708
-636.696
-637.507
-637.941
-643.199
-639.62
-635.94
-640.035
-641.526
-639.993
-637.207
-640.963
-637.603
-634.686
-638.517
-640.328
-639.409
-638.414
-641.681
-636.602
-642.63
-640.57
-642.245
-638.259
-639.517
-635.478
-640.886
-638.787
-634.303
-640.612
-637.491
-639.018
-641.008
-637.516
-639.458
-639.226
-639.934
-640.579
-641.269
-641.329
-639.765
-639.695
-641.719
-640.859
-638.081
-640.876
-638.48
-641.449
-639.002
-640.159
-638.19
-640.071
-641.877
-643.668
-638.96
-642.437
-639.771
-644.607
-640.278
-639.434
-636.674
-638.255
-638.682
-637.479
-640.87
-645.207
-640.267
-641.516
-640.85
-641.814
-642.066
-640.492
-641.914
-641.705
-642.107
-638.72
-638.192
-636.924
-639.7
-643.714
-642.302
-644.037
-639.363
-646.591
-642.737
-641.337
-642.586
-638.779
-641.22
-642.522
-642.04
-643.684
-645.126
-642.157
-640.945
-642.138
-644.558
-636.901
-642.205
-644.125
-641.912
-644.081
-645.559
-642.905
-638.174
-640.634
-646.241
-639.543
-640.842
-640.813
-642.288
-644.505
-641.74
-641.657
-642.525
-639.334
-638.464
-643.1
-641.075
-644.742
-639.729
-637.609
-641.401
-643.906
-642.663
-644.83
-642.859
-642.542
-643.29
-644.028
-645.318
-641.282
-643.685
-642.153
-638.686
-644.574
-644.792
-642.717
-646.064
-641.404
-643.988
-642.058
-637.167
-643.363
-640.543
-639.513
-640.719
-641.528
-643.891
-642.692
-641.764
-642.498
-645.554
-644.389
-643.939
-642.579
-645.921
-642.234
-645.986
-639.249
-640.38
-643.68
-646.526
-644.117
-640.72
-642.507
-643.232
-641.545
-641.513
-640.906
-644.257
-644.344
-647.036
-644.59
-644.814
-646.671
-641.781
-644.074
-644.039
-644.676
-645.386
-641.618
-647.368
-641.088
-643.739
-642.126
-644.555
-643.317
-646.89
-647.817
-646.185
-644.213
-641.036
-645.055
-644.322
-645.329
-644.213
-643.892
-642.458
-642.102
-646.379
-645.49
-644.889
-644.111
-644.65
-644.96
-645.887
-646.665
-645.927
-644.596
-644.169
-644.064
-645.126
-643.834
-645.645
-646.167
-644.281
-647.947
-644.027
-644.28
-645.294
-646.38
-647.522
-646.905
-646.124
-645.1
-641.304
-649.138
-644.968
-645.188
-647.929
-644.71
-646.15
-646.974
-646.058
-644.475
-647.806
-644.671
-645.064
-646.919
-645.548
-648.506
-645.424
-645.958
-644.255
-645.897
-649.984
-646.005
-646.265
-645.622
-647.746
-647.984
-648.517
-648.757
-649.439
-648.914
-650.21
-648.787
-649.18
-649.132
-647.356
-647.952
-646.215
-649.166
-647.489
-649.686
-646.607
-648.097
-645.852
-648.525
-646.233
-648.888
-648.36
-651.018
-648.724
-649.724
-650.724
-649.893
-647.8
-650.386
-648.439
-647.766
-649.44
-647.749
-647.072
-649.324
-652.432
-650.774
-647.934
-650.421
-649.781
-650.629
-651.275
-650.272
-645.509
-648.548
-649.118
-649.263
-649.901
-649.332
-650.936
-652.893
-649.648
-647.482
-648.889
-651.671
-650.827
-650.467
-649.08
-650.159
-649.477
-650.335
-649.949
-649.571
-652.251
-651.966
-652.474
-649.649
-655.424
-650.068
-652.499
-650.169
-650.423
-652.503
-653.119
-652.626
-653.414
-648.723
-651.436
-650.358
-655.241
-656.677
-653.058
-655.259
-653.835
-654.167
-654.749
-651.127
-654.514
-651.582
-653.99
-651.591
-654.435
-656.614
-654.845
-655.52
-657.19
-656.805
-655.75
-653.926
-655.835
-656.349
-656.788
-656.223
-656.256
-654.285
-656.728
-656.304
-654.827
-653.602
-653.94
-658.35
-656.867
-654.9
-658.07
-657.394
-656.439
-655.966
-657.975
-658.451
-656.471
-657.818
-658.499
-658.828
-659.043
-659.217
-658.274
-659.081
-659.125
-659.254
-660.99
-659.837
-657.55
-660.516
-660.712
-661.691
-660.805
-661.526
-660.821
-662.69
-659.813
-662.679
-660.268
-660.79
-661.006
-662.028
-661.023
-662.13
-659.833
-661.319
-661.813
-662.501
-662.235
-662.271
-663.498
-663.245
-661.63
-660.665
-662.417
-663.907
-662.263
-661.07
-661.009
-662.975
-663.523
-663.285
-660.604
-663.727
-665.042
-661.908
-662.212
-662.378
-662.881
-662.541
-662.798
-663.67
-662.587
-663.467
-663.637
-662.853
-663.69
-664.474
-663.805
-665.436
-664.825
-663.605
-662.144
-664.033
-663.757
-664.863
-664.267
-663.129
-665.787
-665.15
-664.667
-664.443
-663.809
-663.096
-664.553
-664.914
-664.625
-664.922
-664.562
-664.403
-665.051
-665.354
-664.685
-665.013
-665.591
-665.536
-664.69
-664.648
-665.165
-664.453
-664.287
-665.581
-664.797
-666.092
-665.979
-665.392
-665.344
-664.866
-664.183
-665.227
-665.296
-664.803
-665.465
-665.659
-666.327
-665.588
-666.091
-665.641
-665.49
-666.326
-665.712
-666.523
-664.546
-666.438
-666.004
-664.781
-665.821
-664.671
-666.09
-664.55
-665.272
-666.079
-664.953
-665.796
-664.654
-665.522
-665.715
-663.984
-665.347
-665.808
-665.787
-664.743
-666.512
-664.3
-666.235
-665.942
-665.937
-665.597
-665.171
-664.903
-665.788
-666.185
-665.779
-664.849
-665.237
-665.862
-666.683
-664.771
-665.771
-666.809
-665.983
-666.558
-665.764
-666.91
-665.854
-666.106
-666.88
-666.516
-665.513
-665.747
-666.749
-665.967
-666.702
-665.964
-667.152
-666.017
-665.677
-666.332
-665.248
-667.325
-667.261
-665.702
-666.056
-666.597
-666.296
-666.258
-665.357
-667.474
-666.373
-666.61
-666.114
-665.676
-667.72
-666.147
-665.892
-666.888
-665.955
-667.552
-666.821
-666.235
-666.775
-666.549
-666.022
-664.924
-666.685
-666.233
-667.338
-666.412
-665.913
-666.201
-666.348
-666.454
-666.147
-666.673
-666.141
-665.876
-667.031
-665.688
-665.857
-667.47
-665.338
-665.919
-666.792
-665.958
-665.56
-666.417
-667.412
-666.144
-666
-667.014
-667.043
-666.351
-667.268
-666.726
-666.199
-667.053
-666.983
-666.704
-665.903
-667.547
-666.646
-666.814
-666.718
-666.395
-666.703
-666.675
-667.354
-666.164
-666.681
-667.492
-667.404
-666.427
-666.769
-667.158
-665.858
-666.736
-666.307
-666.902
-667.65
-667.141
-667.501
-666.871
-667.329
-667.911
-667.139
-666.76
-667.511
-667.802
-667.471
-667.075
-666.623
-667.557
-666.967
-667.111
-666.413
-667.128
-666.475
-666.761
-667.974
-667.112
-666.537
-666.446
-667.38
-666.837
-667.512
-666.978
-666.774
-666.509
-667.221
-667.472
-667.484
-667.059
-666.455
-667.567
-667.254
-666.729
-667.711
-667.587
-667.601
-667.261
-667.524
-667.707
-667.237
-666.748
-667.541
-667.004
-667.018
-667.661
-666.876
-666.92
-667.414
-667.38
-667.707
-666.939
-666.961
-667.554
-667.361
-667.281
-666.548
-667.675
-666.966
-667.94
-667.405
-667.131
-667.43
-667.463
-667.098
-666.364
-667.331
-666.351
-667.751
-667.242
-666.891
-666.725
-667.14
-666.45
-666.781
-667.302
-667.823
-667.605
-667.588
-667.298
-666.899
-666.641
-667.958
-666.645
-666.4
-667.744
-667.034
-666.724
-667.141
-666.61
-667.256
-667.05
-666.971
-667.297
-667.201
-667.777
-667.163
-666.742
-666.95
-666.888
-667.512
-667.386
-667.403
-667.13
-667.536
-667.61
-667.709
-666.747
-666.834
-667.382
-667.755
-667.143
-667.223
-666.695
-667.004
-666.597
-667.95
-667.984
-666.075
-666.76
-667.72
-668.168
-666.766
-666.874
-667.182
-666.776
-667.207
-666.512
-667.156
-667.99
-667.658
-667.617
-666.989
-667.442
-667.081
-667.3
-666.873
-666.9
-666.78
-667.466
-667.76
-666.878
-667.424
-666.894
-667.236
-666.923
-667.887
-667.14
-666.562
-667.636
-666.825
-666.933
-667.148
-667.411
-667.282
-667.676
-666.807
-667.812
-668.224
-667.141
-667.275
-667.677
-667.78
-667.821
-667.417
-667.439
-668.158
-667.364
-667.697
-667.563
-668.194
-667.9
-667.237
-667.359
-668.341
-666.87
-666.595
-668.145
-668.135
-667.745
-667.217
-667.664
-667.881
-667.974
-667.792
-668.294
-667.343
-667.997
-667.579
-667.326
-667.785
-667.432
-667.353
-667.507
-667.44
-667.046
-667.012
-665.369
-667.969
-667.724
-667.793
-666.839
-667.568
-667.324
-666.89
-666.797
-667.55
-667.53
-668.069
-667.771
-667.601
-668.003
-666.486
-667.211
-666.452
-667.984
-667.519
-667.745
-667.706
-668.34
-667.999
-667.836
-667.43
-668.139
-668.185
-667.52
-667.736
-666.243
-667.562
-667.846
-667.108
-667.903
-667.766
-667.468
-667.443
-668.188
-667.864
-667.408
-667.613
-667.059
-667.497
-667.158
-667.748
-667.332
-667.574
-666.833
-667.417
-667.685
-667.803
-667.511
-667.645
-668.048
-667.014
-668.065
-668.091
-666.897
-667.447
-667.898
-666.859
-667.751
-667.547
-667.633
-667.942
-667.791
-667.928
-667.87
-667.921
-668.251
-668.085
-667.901
-667.831
-668.284
-665.472
-667.923
-667.693
-667.341
-668.783
-667.446
-667.465
-667.578
-667.077
-667.229
-667.902
-667.138
-667.831
-666.633
-667.247
-667.151
-667.856
-668.08
-667.038
-667.326
-667.381
-666.712
-667.076
-667.905
-667.099
-668.031
-668.206
-667.457
-667.654
-668.204
-667.673
-667.708
-668.264
-667.116
-667.846
-667.35
-667.954
-667.805
-666.966
-667.85
-668.004
-668.468
-667.65
-667.518
-667.712
-668.226
-668.191
-668.199
-667.118
-668.121
-667.393
-668.295
-668.015
-667.855
-667.734
-667.767
-667.78
-667.83
-667.946
-668.41
-668.198
-668.344
-667.222
-667.845
-668.08
-668.403
-667.747
-667.516
-667.956
-666.984
-668.744
-667.762
-667.829
-667.691
-668.578
-668.115
-668.074
-665.537
-668.689
-668.731
-667.59
-667.294
-667.798
-668.414
-668.131
-667.78
-667.821
-667.946
-667.989
-667.058
-668.227
-667.757
-667.822
-668.718
-668.562
-668.332
-667.26
-668.009
-667.79
-667.762
-667.319
-668.356
-668.057
-668.078
-668.209
-668.338
-666.519
-667.584
-666.948
-667.125
-667.331
-668.477
-668
-667.593
-668.35
-668.121
-667.862
-668.463
-668.304
-667.617
-668.345
-667.441
-668.119
-668.053
-668.415
-667.263
-667.934
-667.923
-667.316
-666.809
-667.152
-667.569
-667.924
-668.283
-667.491
-668.47
-667.986
-668.146
-668.178
-668.454
-667.713
-668.131
-668.086
-668.014
-668.027
-667.915
-667.908
-667.814
-668.46
-668.193
-667.64
-667.647
-668.139
-668.546
-668.214
-668.346
-667.818
-668.405
-668.035
-667.668
-668.225
-668.437
-668.917
-668.049
-667.706
-668.16
-668.799
-668.18
-668.535
-667.917
-668.339
-668.117
-667.57
-667.683
-668.361
-668.1
-667.688
-668.557
-668.539
-665.899
-668.397
-668.279
-668.821
-668.11
-668.044
-668.344
-667.728
-668.142
-667.828
-667.576
-668.056
-667.346
-667.762
-667.406
-667.817
-668.246
-667.964
-668.577
-668.473
-668.12
-668.413
-668.621
-668.477
-668.409
-668.185
-667.735
-667.983
-667.632
-668.008
-667.919
-668.534
-668.104
-667.561
-668.001
-668.041
-668.239
-667.746
-668.36
-668.505
-667.864
-668.357
-668.137
-668.766
-668.39
-668.976
-668.127
-667.535
-667.716
-668.344
-668.136
-668.149
-667.372
-667.144
-668.577
-668.337
-668.291
-666.989
-667.39
-668.305
-667.976
-667.428
-668.432
-668.3
-667.526
-667.492
-666.407
-667.052
-667.241
-667.635
-667.943
-668.271
-668.372
-667.275
-667.419
-667.958
-667.891
-667.672
-667.487
-667.739
-667.225
-668.64
-667.908
-667.565
-667.94
-668.141
-668.8
-667.808
-667.977
-668.582
-667.79
-668.179
-668.27
-668.082
-668.284
-668.504
-667.831
-667.686
-667.606
-668.18
-668.245
-668.212
-668.286
-668.68
-668.089
-668.658
-668.691
-668.252
-667.668
-668.124
-668.389
-668.201
-668.484
-668.097
-668.031
-668.02
-668.526
-668.215
-667.633
-668.239
-668.611
-667.649
-668.497
-668.571
-667.767
-669.044
-668.018
-668.452
-668.001
-668.491
-668.667
-668.527
-668.301
-668.268
-668.294
-668.03
-668.352
-668.656
-668.859
-667.665
-668.405
-668.217
-668.351
-668.227
-668.633
-667.814
-667.84
-668.27
-668.428
-668.655
-668.216
-667.94
-668.209
-667.988
-666.611
-668.179
-668.464
-668.92
-668.141
-667.695
-668.095
-668.173
-668.418
-668.553
-667.786
-668.003
-668.266
-667.782
-667.363
-668.422
-667.889
-667.858
-668.44
-668.78
-668.104
-667.801
-668.085
-668
-667.834
-668.797
-667.749
-667.988
-665.757
-667.874
-667.797
-667.538
-667.992
-668.432
-668.526
-667.302
-668.506
-668.401
-667.8
-668.518
-668.341
-667.174
-668.189
-668.623
-667.697
-667.914
-667.895
-667.766
-667.585
-667.548
-668.083
-668.408
-668.252
-667.981
-668.174
-668.048
-668.345
-667.897
-667.591
-668.805
-668.517
-668.147
-667.698
-667.894
-667.994
-668.321
-668.459
-669.012
-668.18
-668.118
-667.579
-668.537
-668.701
-668.913
-668.14
-667.929
-667.924
-667.919
-668.2
-668.787
-668.146
-667.887
-667.772
-668.277
-668.484
-667.384
-667.726
-668.231
-668.202
-668.367
-668.55
-668.294
-668.098
-668.834
-667.743
-668.463
-668.598
-668.634
-668.236
-667.822
-668.363
-668.15
-668.577
-668.017
-668.169
-668.704
-668.146
-669.018
-668.632
-668.682
-668.96
-668.298
-668.269
-668.402
-668.945
-668.614
-668.344
-668.322
-668.442
-668.315
-667.892
-668.238
-668.396
-668.225
-667.183
-668.315
-668.582
-668.885
-668.181
-668.635
-667.882
-668.268
-668.963
-668.511
-668.782
-667.757
-668.65
-668.254
-668.205
-668.074
-668.61
-668.086
-668.746
-667.855
-668.278
-668.35
-669.091
-668.706
-668.425
-667.828
-668.588
-668.487
-668.57
-668.512
-668.085
-668.155
-668.278
-665.576
-668.042
-668.43
-668.57
-668.385
-667.852
-668.982
-668.333
-668.566
-669.226
-668.365
-668.4
-668.909
-668.602
-668.502
-667.431
-668.236
-668.589
-668.297
-668.559
-668.536
-668.112
-668.438
-668.122
-668.786
-668.221
-668.115
-668.284
-668.621
-668.35
-668.498
-668.181
-668.497
-667.848
-668.516
-669.179
-668.733
-667.857
-668.273
-668.283
-668.464
-668.902
-668.433
-668.145
-668.25
-668.07
-667.828
-668.506
-668.129
-668.27
-667.963
-668.3
-668.19
-668.775
-668.101
-667.919
-668.115
-668.213
-668.699
-668.538
-668.063
-668.464
-668.302
-668.771
-668.543
-668.783
-668.652
-668.273
-668.253
-668.301
-668.313
-668.617
-668.572
-668.497
-668.314
-668.35
-668.142
-668.789
-668.267
-668.662
-668.262
-668.656
-668.298
-667.815
-668.459
-668.45
-668.655
-668.661
-668.395
-668.672
-668.353
-668.831
-668.479
-667.95
-668.454
-668.221
-668.606
-668.193
-668.649
-667.832
-667.915
-668.904
-668.737
-668.781
-668.248
-667.965
-668.437
-668.209
-668.792
-668.416
-668.083
-668.384
-668.764
-668.012
-668.451
-668.475
-668.45
-668.662
-668.298
-668.357
-668.269
-668.977
-668.422
-668.45
-667.435
-668.395
-668.743
-666.896
-669.131
-668.133
-668.294
-668.05
-668.54
-668.863
-668.315
-668.719
-668.506
-668.647
-668.491
-668.399
-668.229
-668.353
-668.38
-668.737
-668.941
-668.546
-667.774
-668.309
-668.207
-668.598
-668.554
-668.674
-668.849
-668.289
-667.596
-668.724
-668.517
-668.229
-668.512
-668.417
-668.358
-668.294
-667.729
-668.18
-668.445
-668.672
-667.85
-668.807
-668.119
-668.163
-669.215
-668.758
-668.302
-668.008
-668.338
-668.845
-668.279
-668.504
-668.383
-668.441
-667.797
-668.237
-667.452
-668.656
-668.233
-667.851
-667.884
-668.447
-668.317
-668.535
-667.931
-668.426
-666.959
-668.327
-668.859
-668.676
-668.611
-669.135
-668.147
-668.791
-668.744
-668.281
-668.87
-668.862
-668.189
-668.198
-668.46
-668.327
-668.635
-668.619
-668.196
-668.873
-668.706
-668.374
-668.72
-668.33
-667.776
-668.021
-669.237
-668.4
-668.31
-668.322
-668.732
-669.101
-667.996
-668.189
-668.618
-667.654
-668.532
-668.085
-668.188
-668.105
-667.702
-668.845
-668.194
-668.763
-668.447
-668.452
-668.928
-666.99
-668.529
-668.278
-668.665
-668.222
-668.953
-668.656
-668.849
-668.018
-668.714
-668.018
-668.249
-668.377
-668.234
-668.449
-668.737
-669.182
-668.097
-668.101
-668.755
-668.225
-668.835
-668.6
-668.549
-668.497
-668.326
-668.301
-668.364
-668.315
-669.037
-668.492
-667.911
-668.702
-668.186
-668.471
-668.583
-667.707
-668.717
-669.124
-668.853
-668.131
-667.901
-667.991
-668.533
-669.018
-668.643
-669.059
-668.595
-668.527
-668.2
-668.915
-667.726
-668.758
-668.401
-668.401
-668.595
-668.244
-668.237
-668.626
-668.73
-668.663
-668.214
-668.132
-668.823
-669.002
-667.992
-669.048
-667.854
-668.818
-668.527
-668.769
-668.131
-667.882
-668.844
-668.56
-668.253
-668.478
-668.507
-668.282
-668.732
-668.781
-668.862
-668.539
-668.096
-668.139
-668.772
-668.02
-668.936
-668.696
-668.741
-668.217
-668.76
-668.908
-668.403
-668.561
-668.753
-668.214
-668.859
-668.76
-668.586
-668.228
-668.604
-668.647
-668.37
-668.921
-668.231
-668.474
-668.315
-668.746
-668.196
-668.531
-668.482
-668.466
-669.073
-668.957
-668.518
-668.984
-668.826
-668.696
-668.474
-668.741
-667.845
-668.281
-668.261
-668.705
-668.194
-668.702
-669.274
-669.076
-668.108
-668.566
-668.704
-668.313
-668.658
-668.285
-668.794
-668.557
-668.865
-668.86
-668.756
-668.629
-668.721
-668.562
-668.635
-668.798
-668.247
-668.901
-667.716
-669.094
-668.845
-668.677
-668.492
-668.697
-668.592
-668.153
-668.666
-668.333
-668.435
-668.303
-668.543
-668.707
-668.649
-668.588
-668.668
-668.206
-668.665
-668.259
-668.398
-668.257
-668.179
-668.321
-668.973
-668.75
-668.364
-668.311
-668.409
-668.289
-668.143
-669.106
-668.371
-668.226
-668.742
-668.962
-668.925
-668.499
-667.823
-668.32
-668.015
-666.829
-668.941
-668.318
-668.416
-668.899
-668.679
-668.824
-667.97
-668.526
-668.032
-669.01
-668.565
-667.714
-668.832
-668.623
-668.085
-668.072
-668.747
-668.089
-668.382
-668.169
-668.529
-668.209
-668.712
-668.384
-668.941
-668.641
-668.876
-667.862
-668.5
-668.087
-668.421
-668.642
-668.569
-668.977
-668.831
-667.741
-668.765
-668.517
-669.174
-668.801
-668.315
-668.852
-668.271
-667.852
-668.159
-668.387
-667.679
-668.623
-668.625
-668.232
-668.617
-668.303
-668.079
-668.325
-668.594
-668.532
-668.46
-668.308
-668.233
-668.764
-668.514
-668.45
-669.05
-669.194
-668.657
-669.296
-668.074
-668.687
-667.554
-668.635
-668.879
-668.68
-668.417
-668.688
-668.452
-668.036
-668.133
-668.844
-668.148
-667.9
-668.333
-668.036
-668.545
-668.671
-668.84
-668.125
-668.689
-668.892
-668.931
-668.803
-668.842
-668.921
-668.552
-668.448
-668.769
-668.59
-667.044
-669.321
-668.06
-668.284
-668.685
-668.464
-668.45
-668.335
-668.054
-668.772
-668.74
-668.512
-668.153
-668.725
-668.725
-669
-668.82
-668.427
-669.043
-668.586
-668.46
-668.505
-666.034
-668.977
-668.123
-668.348
-668.706
-668.195
-668.878
-668.55
-668.167
-668.787
-668.617
-668.682
-668.267
-668.125
-668.898
-668.913
-668.788
-668.804
-668.82
-668.608
-668.171
-668.256
-668.47
-668.437
-668.5
-668.174
-668.63
-668.935
-668.201
-668.543
-668.492
-668.588
-668.79
-668.333
-669
-668.955
-668.325
-668.819
-668.6
-668.554
-668.654
-668.915
-668.14
-668.412
-668.383
-668.079
-668.385
-668.551
-668.741
-668.673
-668.764
-668.284
-668.391
-667.842
-669.113
-668.419
-669.012
-668.223
-668.716
-668.483
-668.017
-669.002
-668.486
-668.059
-668.194
-668.172
-668.654
-668.708
-668.508
-668.38
-668.01
-668.398
-668.246
-669.015
-667.727
-668.15
-668.846
-669.219
-668.845
-668.04
-668.793
-668.044
-668.504
-668.288
-669.006
-668.393
-668.778
-668.36
-668.562
-669.189
-668.982
-668.36
-668.399
-668.999
-668.661
-668.543
-669.11
-668.205
-668.696
-668.786
-668.31
-668.672
-668.603
-668.688
-667.644
-668.497
-668.672
-668.808
-668.464
-668.253
-668.209
-669.289
-668.746
-668.885
-668.689
-668.546
-668.405
-668.664
-668.207
-668.853
-668.806
-668.651
-669.058
-668.721
-668.257
-667.889
-668.604
-668.486
-668.21
-668.225
-667.933
-668.111
-668.549
-668.455
-668.378
-668.554
-668.09
-669.153
-668.789
-668.539
-668.38
-668.058
-668.61
-668.975
-668.675
-668.184
-668.412
-668.497
-668.762
-668.465
-668.458
-668.709
-668.41
-668.54
-668.028
-668.49
-668.265
-668.891
-668.729
-668.635
-668.683
-668.581
-668.485
-668.512
-668.791
-668.559
-668.844
-668.742
-668.514
-668.656
-668.049
-667.979
-668.755
-668.499
-668.686
-668.636
-668.309
-668.534
-668.484
-668.465
-668.105
-668.292
-668.462
-666.021
-668.43
-668.911
-668.296
-668.681
-668.306
-668.594
-668.528
-669.163
-668.895
-668.878
-668.944
-667.75
-668.544
-669.014
-668.658
-668.145
-668.29
-668.517
-668.151
-668.813
-668.379
-668.759
-668.789
-667.911
-668.972
-668.805
-668.71
-669.021
-668.818
-667.828
-668.346
-668.253
-669.133
-668.694
-668.894
-668.813
-668.736
-668.631
-669.083
-668.518
-668.563
-668.558
-669.012
-668.402
-668.62
-669.008
-668.701
-668.664
-668.969
-667.981
-668.952
-668.759
-668.336
-668.947
-668.517
-668.614
-668.673
-668.228
-668.847
-669.439
-669.057
-669.005
-669.033
-668.232
-668.088
-668.905
-668.744
-668.776
-668.809
-668.568
-668.519
-668.829
-668.01
-668.516
-668.69
-668.262
-668.635
-668.541
-668.483
-668.43
-668.385
-668.372
-668.894
-669.247
-668.277
-668.374
-668.688
-667.959
-668.829
-668.57
-668.625
-668.304
-668.843
-668.468
-669.195
-668.781
-668.93
-666.915
-668.723
-668.592
-668.284
-668.914
-668.766
-668.819
-668.689
-668.028
-668.379
-668.677
-668.009
-668.556
-669.203
-668.773
-669.312
-668.642
-668.372
-668.229
-668.442
-668.277
-668.747
-668.708
-668.597
-668.296
-668.952
-668.859
-668.478
-667.978
-668.82
-669.006
-669.01
-669.362
-668.576
-668.47
-668.229
-668.424
-668.707
-668.611
-668.252
-669.273
-668.266
-668.377
-668.825
-668.489
-668.125
-668.641
-668.635
-668.918
-668.953
-668.774
-668.559
-668.914
-668.818
-668.57
-668.186
-668.604
-668.812
-668.755
-669.417
-669.084
-668.6
-668.574
-668.416
-668.082
-668.275
-668.593
-668.336
-668.591
-668.027
-668.592
-668.119
-668.497
-668.581
-668.891
-669.145
-669.41
-669.425
-668.576
-668.805
-668.388
-669.044
-668.129
-668.767
-668.879
-669.053
-668.816
-668.746
-668.53
-668.45
-668.337
-668.635
-668.789
-668.416
-668.449
-668.601
-668.941
-668.182
-669.027
-668.333
-668.621
-668.983
-668.826
-668.64
-667.968
-668.507
-667.943
-667.848
-668.153
-668.343
-668.583
-668.49
-668.705
-669.152
-668.463
-667.331
-668.286
-668.203
-668.963
-668.655
-668.276
-668.692
-668.715
-668.371
-669.049
-668.782
-668.956
-668.541
-668.391
-668.533
-668.907
-667.983
-668.98
-668.702
-669.167
-668.91
-668.057
-669.063
-668.588
-668.368
-668.102
-668.788
-668.233
-668.572
-668.262
-669.009
-668.931
-668.876
-669.086
-669.211
-668.697
-668.618
-668.333
-668.651
-668.638
-667.871
-668.89
-668.692
-668.817
-668.703
-668.82
-668.996
-669.318
-668.62
-669
-668.394
-668.585
-668.712
-668.54
-668.618
-669.024
-668.39
-668.677
-668.213
-668.597
-669.121
-668.99
-669.077
-668.749
-668.717
-665.966
-668.789
-668.385
-668.785
-668.982
-668.524
-668.831
-668.761
-668.628
-669.164
-669.006
-668.766
-668.767
-668.932
-668.888
-668.728
-668.793
-668.626
-668.826
-667.359
-668.867
-668.848
-668.682
-668.897
-668.674
-668.954
-668.665
-668.402
-668.513
-668.234
-668.633
-668.482
-668.81
-668.573
-667.629
-668.508
-668.462
-668.369
-668.71
-668.333
-668.669
-669.012
-668.576
-668.838
-668.719
-668.445
-668.502
-668.88
-667.914
-668.162
-668.284
-668.839
-668.172
-668.749
-668.181
-668.556
-668.223
-668.477
-668.498
-668.347
-668.381
-668.872
-668.477
-668.194
-668.816
-669.199
-668.817
-669.002
-669.057
-668.186
-668.714
-668.56
-668.536
-668.856
-668.606
-668.711
-668.902
-668.699
-668.584
-668.506
-668.643
-668.928
-669.507
-668.978
-668.793
-668.941
-668.35
-668.484
-668.368
-668.887
-669.154
-668.552
-668.665
-668.834
-667.904
-668.664
-669.257
-668.482
-668.469
-668.736
-668.567
-668.672
-668.983
-668.231
-669.186
-668.64
-668.86
-668.896
-668.605
-668.961
-669.32
-669.005
-668.34
-668.492
-668.708
-668.559
-668.764
-668.358
-668.512
-668.849
-668.493
-668.502
-668.934
-668.302
-669.008
-669.421
-668.943
-668.888
-668.502
-669.024
-669.109
-668.481
-667.424
-668.642
-668.896
-668.981
-668.854
-668.78
-669.087
-668.519
-668.456
-668.455
-669.22
-668.622
-668.818
-668.639
-669.229
-668.661
-668.268
-668.508
-668.483
-668.378
-669.103
-668.511
-668.852
-668.373
-668.764
-668.955
-668.353
-668.602
-668.853
-668.628
-668.612
-668.965
-668.828
-668.699
-668.856
-668.844
-668.868
-668.484
-668.723
-668.754
-669.041
-668.616
-667.989
-668.94
-668.775
-668.671
-668.423
-668.469
-668.53
-668.947
-668.668
-668.717
-668.701
-668.399
-668.973
-668.773
-668.617
-668.518
-668.379
-668.62
-669.031
-669.201
-668.785
-668.623
-668.767
-669.115
-668.457
-669.024
-669.08
-668.055
-668.531
-667.999
-668.991
-668.99
-669.016
-668.109
-668.49
-668.615
-668.766
-668.752
-668.77
-668.883
-668.44
-668.089
-668.805
-668.617
-668.825
-668.247
-668.204
-668.266
-668.643
-668.857
-668.89
-668.526
-668.952
-668.885
-668.681
-668.271
-668.793
-669.173
-668.598
-668.803
-668.764
-668.835
-668.331
-668.622
-668.911
-668.857
-668.652
-669.67
-668.583
-668.72
-668.439
-668.786
-667.889
-668.346
-668.643
-667.84
-668.368
-668.146
-666.758
-668.895
-668.593
-668.729
-668.716
-669.288
-668.333
-668.905
-669.111
-669.373
-669.156
-668.542
-668.025
-668.25
-668.943
-668.726
-669.173
-669.002
-668.683
-668.754
-668.529
-668.743
-668.552
-668.475
-668.425
-668.932
-668.657
-668.666
-668.89
-668.008
-668.712
-668.404
-668.969
-668.335
-668.518
-668.436
-668.372
-669.084
-668.827
-668.579
-668.521
-669.192
-668.92
-669.003
-669.122
-668.785
-668.977
-668.677
-669.277
-668.276
-668.407
-668.904
-668.59
-668.875
-668.807
-668.474
-668.245
-668.64
-668.43
-669.058
-668.772
-668.699
-668.631
-668.581
-668.881
-668.864
-668.463
-668.782
-668.364
-669.24
-669.041
-669.06
-668.657
-668.54
-669.121
-669.089
-667.925
-668.8
-668.537
-668.807
-668.922
-668.693
-668.861
-666.997
-668.715
-668.529
-669.255
-668.41
-669.031
-668.949
-668.794
-668.494
-668.794
-668.482
-668.404
-669.095
-668.656
-668.437
-668.546
-668.728
-668.941
-668.428
-668.533
-669.167
-668.94
-668.232
-668.745
-668.875
-668.629
-668.386
-668.393
-668.748
-668.379
-669.049
-668.811
-668.684
-668.296
-668.456
-668.719
-668.707
-668.884
-668.502
-668.647
-668.571
-668.24
-668.376
-668.37
-668.994
-668.705
-668.37
-668.695
-668.064
-668.774
-668.46
-668.707
-668.33
-668.324
-668.902
-669.1
-669.47
-669.174
-668.27
-668.863
-668.931
-668.427
-669.057
-668.763
-668.964
-669.385
-668.521
-669.124
-668.565
-668.316
-668.919
-668.729
-668.96
-668.598
-668.674
-668.568
-669.052
-668.597
-669.077
-668.739
-668.403
-668.667
-668.923
-669.003
-668.366
-668.811
-669.148
-668.648
-668.52
-668.696
-668.883
-668.749
-669.15
-668.836
-669.332
-668.944
-668.743
-668.764
-668.811
-669.027
-668.742
-668.732
-668.831
-668.67
-668.568
-669.167
-668.449
-669.054
-669.032
-668.942
-669.295
-668.625
-668.347
-668.537
-668.45
-669.168
-668.748
-668.832
-668.526
-669.521
-668.303
-669.077
-668.699
-669.127
-668.581
-668.234
-668.584
-668.933
-668.953
-668.947
-668.236
-668.744
-668.306
-669.286
-668.826
-669.233
-668.975
-668.9
-668.388
-669.025
-668.825
-668.917
-668.454
-668.643
-668.802
-669.087
-668.752
-668.559
-669.078
-666.695
-668.853
-669.105
-668.468
-668.914
-668.861
-669.037
-668.82
-669.326
-668.198
-668.903
-668.271
-668.788
-668.236
-668.368
-668.948
-669.165
-668.595
-668.977
-668.953
-668.43
-669.044
-669.271
-669.129
-668.9
-668.98
-668.966
-668.77
-669.023
-668.957
-669.096
-668.675
-668.925
-668.808
-668.788
-668.866
-668.891
-668.58
-668.74
-668.888
-668.798
-668.587
-668.722
-668.407
-668.475
-668.73
-668.515
-668.511
-668.628
-668.587
-668.32
-668.833
-668.834
-669.088
-668.211
-669.087
-668.331
-668.708
-668.386
-668.863
-668.108
-668.362
-669.299
-668.765
-668.794
-666.884
-668.544
-668.492
-668.549
-668.826
-668.282
-668.794
-668.45
-668.871
-668.738
-667.267
-668.661
-669.28
-668.795
-669.172
-668.982
-669.104
-668.745
-667.997
-668.991
-668.68
-668.808
-668.864
-668.831
-669.102
-668.99
-668.893
-668.542
-668.751
-667.993
-668.872
-669.314
-668.806
-668.384
-668.709
-668.962
-669.112
-668.862
-668.782
-668.384
-668.82
-668.457
-668.655
-668.747
-668.599
-669.047
-668.807
-668.722
-668.408
-669.169
-668.844
-668.465
-669.087
-668.752
-668.897
-668.327
-669.174
-668.489
-668.78
-668.943
-664.69
-668.738
-668.632
-668.816
-666.304
-668.685
-668.519
-668.546
-668.547
-668.827
-668.777
-668.591
-668.835
-668.41
-668.535
-668.882
-669.028
-668.907
-668.643
-668.596
-669.12
-668.941
-669.178
-669.012
-668.922
-668.974
-668.55
-668.643
-668.496
-668.757
-669.108
-668.889
-669.112
-668.212
-669.035
-668.913
-668.576
-668.707
-668.748
-668.945
-669.221
-668.834
-668.756
-668.5
-668.486
-669.051
-668.808
-668.733
-669.123
-668.959
-668.667
-668.655
-668.299
-668.474
-668.637
-668.514
-668.944
-669.316
-668.877
-668.982
-668.492
-667.952
-668.775
-669.149
-668.42
-668.619
-668.675
-668.942
-667.689
-668.421
-669.068
-668.589
-668.159
-668.851
-669.436
-669.013
-668.502
-668.968
-669.335
-668.965
-668.383
-668.608
-668.686
-668.868
-668.39
-668.434
-668.3
-668.953
-668.143
-668.649
-668.884
-668.951
-668.775
-668.414
-668.893
-668.174
-668.535
-668.683
-668.788
-668.523
-668.528
-669.318
-668.75
-668.652
-668.934
-669.163
-668.595
-668.84
-669.346
-668.956
-668.921
-668.765
-669.042
-668.936
-668.886
-668.591
-669.009
-669.106
-668.854
-668.778
-668.697
-668.28
-668.221
-668.855
-668.935
-668.34
-668.911
-669.095
-668.73
-668.451
-668.437
-668.543
-668.892
-668.701
-669.001
-669.163
-668.532
-668.921
-668.679
-668.173
-668.9
-669.139
-668.449
-668.154
-668.681
-668.487
-669.446
-669.063
-668.79
-667.945
-668.725
-668.678
-666.068
-668.295
-668.543
-668.756
-668.536
-668.104
-668.817
-668.333
-668.313
-668.317
-668.792
-669.306
-669.179
-668.566
-668.536
-668.827
-668.554
-668.584
-668.501
-668.824
-668.713
-668.784
-668.617
-668.922
-668.9
-668.822
-668.842
-669.361
-668.951
-666.414
-668.822
-669.2
-668.834
-669.054
-669.018
-668.655
-669.134
-668.702
-668.859
-669.034
-669.135
-669.103
-668.872
-668.655
-668.774
-668.588
-668.977
-668.892
-668.825
-669.098
-669.446
-668.805
-668.756
-668.635
-668.857
-669.116
-669.189
-669.072
-668.579
-669.218
-668.437
-668.979
-668.479
-668.447
-668.105
-669.186
-669.182
-668.909
-669.396
-668.71
-668.82
-669.103
-668.828
-668.51
-668.849
-668.987
-668.646
-668.649
-668.486
-668.27
-668.023
-668.966
-668.391
-668.655
-668.777
-668.851
-668.954
-669.119
-668.918
-669.04
-669.142
-668.58
-668.947
-668.68
-668.586
-667.305
-668.877
-668.916
-668.719
-669.449
-669.09
-668.669
-668.784
-669.185
-668.711
-668.503
-668.719
-668.903
-668.697
-669.234
-668.766
-668.882
-668.741
-668.783
-668.495
-669.202
-668.918
-668.822
-668.789
-669.436
-668.43
-669.586
-668.663
-669.094
-668.911
-669.07
-666.844
-668.868
-668.77
-669.225
-668.314
-668.894
-669.147
-668.512
-669.012
-668.858
-669.725
-668.952
-668.472
-667.759
-668.665
-668.742
-668.9
-668.833
-668.774
-668.274
-668.603
-668.933
-668.907
-668.553
-669.259
-668.76
-669.024
-668.681
-668.174
-668.705
-668.769
-668.978
-669.417
-668.501
-668.601
-668.902
-668.73
-668.708
-669.023
-668.603
-668.525
-668.402
-668.047
-668.949
-668.967
-669.085
-668.897
-668.347
-668.341
-668.179
-669.334
-668.996
-669.296
-668.598
-668.781
-668.815
-668.564
-669.167
-668.793
-668.904
-668.937
-668.714
-668.762
-668.465
-668.885
-668.557
-668.55
-668.687
-668.447
-668.469
-668.426
-668.826
-669.255
-669.117
-669.081
-669.317
-668.868
-668.724
-669.178
-669.163
-668.776
-669.267
-669.017
-668.735
-668.89
-668.569
-668.667
-669.322
-668.643
-668.986
-668.428
-668.591
-668.552
-668.746
-668.454
-668.753
-669.136
-669.048
-668.353
-668.583
-668.575
-668.685
-668.464
-668.057
-668.541
-668.707
-668.925
-668.839
-668.745
-668.346
-668.553
-668.538
-668.618
-668.843
-668.218
-669.245
-668.829
-668.684
-669.026
-668.999
-668.707
-669.192
-668.656
-668.435
-668.537
-668.848
-668.798
-668.874
-668.734
-667.868
-668.786
-668.647
-668.524
-668.741
-668.456
-668.616
-668.767
-668.981
-669.174
-668.725
-668.651
-668.718
-668.801
-668.588
-668.847
-668.795
-668.394
-668.958
-668.539
-668.532
-668.759
-668.466
-668.309
-669.019
-668.546
-669.158
-669.002
-669.112
-668.97
-668.701
-668.758
-668.864
-669.184
-668.294
-669.086
-668.804
-669.332
-669.041
-668.988
-668.448
-668.902
-669.172
-668.877
-669.038
-668.621
-668.98
-668.682
-668.903
-668.969
-668.697
-668.997
-668.467
-668.93
-669.178
-667.861
-669.067
-668.724
-668.716
-668.46
-669.008
-668.206
-668.853
-668.648
-668.797
-668.617
-668.655
-669.023
-669.029
-668.881
-668.794
-668.888
-668.961
-668.378
-669.197
-668.904
-669.027
-669.019
-668.548
-668.78
-667.465
-669.199
-668.899
-668.868
-669.258
-668.531
-668.769
-668.937
-668.606
-668.988
-669.137
-668.305
-669.098
-668.931
-669.069
-668.96
-668.69
-668.452
-669.072
-669.155
-667.957
-668.935
-668.997
-668.562
-668.606
-669.176
-668.583
-668.826
-668.955
-668.93
-669.385
-668.927
-668.889
-669.134
-669.122
-668.044
-668.968
-669.015
-668.507
-668.745
-668.71
-668.701
-668.559
-668.639
-668.571
-668.494
-668.565
-668.969
-668.817
-668.778
-668.115
-668.497
-668.885
-668.517
-669.052
-669.135
-668.921
-668.779
-668.678
-669.018
-669.083
-669.071
-668.211
-669.191
-669.015
-669.085
-668.82
-668.825
-669.171
-668.428
-669.339
-668.448
-668.15
-668.754
-669.258
-668.54
-668.98
-669.258
-668.849
-669.12
-668.935
-668.691
-668.587
-668.978
-668.857
-668.681
-668.516
-668.944
-668.916
-668.924
-668.911
-668.804
-668.912
-668.97
-667.946
-669.441
-668.215
-669.06
-668.692
-668.688
-668.929
-668.724
-669.499
-668.4
-668.19
-668.818
-668.663
-668.733
-669.798
-668.277
-668.6
-668.936
-668.662
-668.322
-668.766
-668.54
-668.656
-669.196
-669.073
-668.926
-668.487
-669.28
-668.831
-668.93
-668.704
-668.577
-668.978
-668.624
-669.319
-668.939
-668.63
-669.348
-669.241
-669.206
-668.785
-668.992
-668.725
-668.607
-668.948
-668.156
-668.844
-668.89
-668.975
-669.594
-668.634
-668.827
-668.785
-668.926
-668.824
-669.133
-668.255
-669.24
-668.487
-668.83
-669.126
-668.788
-668.992
-669.148
-668.854
-668.832
-669.262
-668.437
-668.674
-668.989
-668.881
-668.638
-668.929
-668.742
-668.933
-668.765
-669.051
-668.989
-668.91
-668.432
-668.365
-668.548
-669.322
-668.871
-668.405
-668.75
-668.831
-668.522
-668.566
-668.671
-668.785
-668.396
-669.405
-667.687
-669.264
-668.995
-668.959
-668.589
-668.771
-668.861
-668.433
-668.89
-668.43
-668.665
-669.031
-669.037
-668.704
-668.827
-668.226
-668.978
-669.027
-668.909
-669.19
-669.065
-668.286
-668.953
-668.724
-668.902
-668.357
-669.23
-668.314
-668.822
-668.581
-669.074
-668.933
-668.489
-668.968
-668.653
-669.168
-669.21
-669.386
-668.862
-669.162
-668.43
-669.129
-668.902
-668.979
-669.318
-669.365
-668.732
-668.498
-668.93
-668.785
-668.283
-669.146
-669.219
-668.906
-669.002
-668.801
-668.844
-668.874
-666.143
-669.011
-668.728
-669.256
-668.181
-668.682
-668.991
-669.048
-668.712
-668.747
-668.476
-669.276
-668.249
-668.77
-668.794
-668.615
-668.941
-668.343
-669.067
-668.987
-668.903
-669.126
-668.778
-669.049
-668.709
-668.801
-668.786
-668.641
-669.254
-669.249
-668.935
-669.357
-668.257
-668.793
-668.618
-669.386
-668.63
-668.385
-668.509
-669.069
-668.508
-668.883
-669.345
-669.389
-668.427
-669.17
-668.704
-668.914
-669.051
-668.475
-668.855
-669.012
-668.833
-668.633
-669.013
-669.062
-668.935
-668.954
-668.908
-668.434
-668.669
-668.758
-668.733
-668.886
-668.98
-668.909
-669.128
-669.162
-668.997
-668.806
-668.737
-668.763
-668.865
-668.903
-669.029
-668.7
-668.804
-669.288
-669.173
-669.026
-668.722
-669.071
-668.662
-669.239
-668.989
-668.96
-669.482
-668.738
-668.357
-668.761
-668.864
-668.741
-669.06
-668.384
-668.91
-669.654
-668.31
-668.685
-668.432
-669.294
-668.96
-669.043
-668.348
-668.407
-668.839
-668.741
-668.747
-668.746
-668.749
-669.018
-668.92
-668.613
-669.161
-669.341
-669.276
-669.09
-669.121
-669.1
-669.093
-668.537
-668.742
-669.32
-669.152
-667.862
-668.944
-669.114
-668.844
-668.49
-668.929
-668.54
-668.795
-668.51
-668.445
-668.79
-669.066
-668.961
-668.351
-669.186
-668.699
-668.305
-668.843
-668.88
-668.532
-668.939
-668.892
-668.84
-668.399
-668.995
-669.206
-669.348
-669.012
-668.814
-668.688
-669.07
-667.846
-668.924
-667.971
-669.133
-669.24
-669.207
-668.204
-668.903
-669.167
-668.575
-669.122
-668.533
-669.072
-668.533
-669.099
-669.394
-669.289
-668.762
-668.742
-669.209
-668.977
-668.907
-668.603
-668.552
-668.216
-669.214
-668.617
-668.912
-669.008
-668.876
-669.217
-668.465
-669.403
-668.878
-667.751
-669.159
-668.795
-669.129
-669.176
-668.871
-669.044
-669.043
-668.925
-668.506
-668.742
-668.915
-668.857
-669.174
-669.071
-668.872
-668.557
-668.905
-669.237
-668.975
-668.822
-668.842
-669.191
-668.642
-669.266
-669.482
-668.928
-668.582
-668.934
-668.728
-668.871
-668.875
-669.05
-668.496
-669.464
-668.388
-669.231
-668.874
-668.378
-668.691
-668.951
-668.702
-668.353
-668.697
-668.921
-668.753
-669.188
-669.215
-668.806
-669.024
-669.207
-668.259
-668.576
-668.862
-668.858
-668.877
-668.885
-669.227
-668.902
-668.854
-668.57
-669.051
-668.842
-668.939
-669.126
-668.722
-669.152
-668.6
-668.853
-668.491
-668.861
-668.949
-669.157
-669.253
-669.209
-668.629
-668.94
-669.13
-669.413
-669.307
-669.191
-668.961
-668.416
-669.008
-668.52
-669.013
-668.945
-669.182
-668.511
-668.518
-668.982
-668.544
-668.958
-668.927
-669.405
-668.735
-668.765
-669.15
-669.424
-668.767
-668.894
-669.071
-669.32
-669.245
-668.588
-668.985
-668.904
-669.165
-668.666
-668.899
-668.695
-669.261
-669.021
-668.793
-668.805
-666.684
-668.717
-669.349
-668.83
-669.142
-669.037
-668.85
-668.516
-669.226
-668.907
-668.863
-668.822
-668.982
-669.182
-669.118
-668.932
-669.468
-668.759
-668.793
-669.261
-668.525
-669.195
-668.878
-668.898
-668.749
-669.243
-669.377
-668.552
-668.231
-668.895
-669.041
-669.124
-669.105
-669.148
-668.611
-669.121
-668.645
-668.574
-668.585
-668.941
-668.763
-668.93
-669.094
-668.687
-668.987
-669.21
-668.469
-668.24
-668.736
-669.067
-669.053
-669.015
-668.917
-668.855
-669.049
-668.809
-668.59
-668.776
-668.673
-668.847
-669.031
-668.761
-669.291
-668.809
-669.05
-669.006
-668.876
-668.788
-668.547
-668.774
-669.514
-668.971
-668.998
-668.522
-668.592
-669.023
-668.824
-668.942
-668.986
-668.797
-669.155
-668.82
-668.706
-668.929
-669.481
-669.034
-668.531
-667.396
-668.877
-669.019
-669.047
-669.187
-668.782
-669.132
-668.552
-668.397
-669.121
-668.587
-668.507
-668.953
-668.381
-669.236
-668.623
-668.774
-669.053
-668.434
-668.454
-668.773
-667.832
-668.693
-669.198
-668.86
-669.228
-668.876
-668.686
-668.36
-668.744
-668.897
-668.803
-669.102
-668.627
-669.114
-669.331
-669.129
-668.867
-668.834
-668.88
-668.752
-669.011
-668.808
-668.587
-668.909
-668.952
-668.479
-668.288
-669.137
-668.831
-668.859
-668.749
-668.854
-668.796
-668.525
-669.086
-669.098
-668.513
-669.137
-669.115
-668.685
-669.1
-669.498
-668.823
-669.236
-669.173
-669.623
-667.938
-668.822
-668.656
-668.869
-669.052
-668.593
-668.998
-669.089
-669.435
-668.483
-668.835
-668.898
-668.291
-667.934
-669.329
-668.991
-668.921
-669.014
-669.357
-668.578
-668.383
-668.784
-668.491
-668.894
-667.368
-669.253
-668.948
-668.7
-669.159
-669.385
-668.852
-669.393
-669.316
-668.755
-669.276
-669.076
-668.983
-669.129
-668.97
-669.133
-669.052
-668.989
-668.983
-668.706
-669.164
-669.225
-669.154
-669.187
-668.583
-668.965
-668.861
-669.154
-668.473
-669.309
-668.921
-669.026
-668.828
-668.933
-669.022
-668.879
-669.065
-668.835
-668.938
-668.929
-668.884
-669.248
-669.476
-668.492
-668.561
-668.984
-668.811
-668.755
-668.867
-669.022
-668.617
-668.679
-668.738
-668.385
-668.857
-669.175
-668.86
-669.037
-669.018
-669.084
-669.085
-669.139
-668.889
-669.304
-669.23
-669.232
-668.912
-668.622
-669.012
-669.291
-669.185
-669.068
-668.941
-668.884
-668.088
-668.574
-668.646
-668.973
-669.009
-668.839
-668.895
-668.971
-668.756
-668.871
-668.711
-668.888
-668.248
-668.913
-669.189
-669.094
-669.01
-668.917
-669.166
-669.218
-668.688
-669.098
-668.571
-669.146
-668.478
-669.374
-668.88
-668.53
-669.211
-668.78
-668.966
-668.892
-669.175
-669.049
-668.543
-668.783
-668.841
-669.009
-669.389
-668.7
-669.046
-668.823
-669.209
-668.549
-668.975
-668.648
-668.791
-668.52
-668.611
-669.203
-669.398
-669.457
-668.651
-669.006
-668.891
-668.561
-668.804
-668.757
-668.977
-667.862
-669.108
-669.148
-668.712
-668.913
-668.957
-668.35
-669.099
-669.153
-668.882
-669.181
-668.862
-669.254
-668.816
-669.097
-668.733
-668.577
-669.004
-668.894
-669.136
-669.053
-668.749
-668.861
-668.918
-668.969
-669.181
-668.81
-668.723
-669.168
-669.067
-668.882
-668.665
-668.501
-669.05
-668.765
-668.717
-668.939
-668.449
-668.853
-668.785
-668.317
-668.97
-668.998
-669.47
-668.932
-668.973
-669.127
-668.898
-668.862
-669.355
-669.169
-668.624
-669.208
-668.862
-669.209
-668.641
-668.781
-668.974
-669.17
-668.376
-668.484
-668.824
-668.935
-669.118
-668.879
-668.559
-669.419
-669.065
-668.662
-669.162
-668.973
-668.901
-669.205
-668.784
-669.034
-668.902
-669.042
-669.15
-668.651
-668.567
-669.423
-669.001
-668.714
-668.855
-668.606
-669.037
-668.74
-668.977
-668.716
-668.833
-669.186
-668.709
-669.29
-669.089
-668.893
-668.552
-669.11
-668.982
-668.972
-669.019
-668.713
-668.931
-667.126
-668.93
-669.278
-669.312
-668.649
-668.693
-668.556
-668.73
-668.599
-669.116
-668.432
-669.077
-669.088
-669.419
-668.901
-666.776
-668.895
-668.686
-669.095
-668.504
-669.125
-669.007
-669.01
-669.099
-668.597
-668.827
-668.613
-669.049
-668.94
-668.746
-668.734
-669.164
-668.803
-669.381
-668.821
-668.986
-668.548
-668.835
-668.709
-669.176
-668.658
-668.943
-669.288
-669.379
-669.036
-668.815
-668.754
-668.32
-667.855
-668.655
-668.973
-668.517
-669.332
-668.819
-668.819
-669.24
-669.078
-668.903
-668.384
-669.038
-668.531
-668.618
-668.75
-668.194
-668.824
-669.381
-668.734
-668.455
-668.776
-668.688
-668.638
-669.431
-668.434
-668.49
-669.093
-669.182
-668.348
-669.11
-668.86
-668.963
-668.512
-668.357
-669.374
-668.089
-668.862
-668.463
-669.048
-668.779
-669.029
-669.165
-668.7
-668.891
-668.907
-669.034
-668.512
-669.186
-668.653
-668.963
-669.091
-668.805
-668.885
-669.342
-668.976
-669.112
-668.787
-669.01
-668.885
-668.99
-668.643
-669.252
-669.228
-669.084
-669.267
-668.305
-669.423
-668.996
-668.867
-668.501
-669.109
-669.341
-669.172
-669.109
-668.887
-669.368
-668.997
-668.521
-669.279
-668.81
-668.434
-668.799
-669.245
-669.117
-669.103
-668.249
-668.804
-669.029
-668.678
-668.601
-668.522
-666.826
-668.581
-668.851
-668.708
-669.098
-669.202
-669.092
-669.025
-668.977
-669.194
-669.456
-668.717
-668.828
-668.814
-669.045
-669.069
-668.826
-669.1
-668.752
-668.732
-669.306
-668.772
-668.961
-668.79
-668.6
-669.201
-669.331
-668.97
-668.659
-669.197
-668.162
-669.021
-669.111
-668.006
-668.576
-668.792
-668.39
-668.517
-668.922
-669.193
-669.097
-669.12
-669.004
-668.538
-668.614
-668.746
-668.796
-669.23
-669.182
-668.804
-669.134
-669.12
-668.993
-669.057
-668.782
-668.829
-669.118
-668.955
-668.816
-668.945
-669.231
-668.952
-668.791
-668.911
-668.316
-668.935
-669.108
-668.943
-668.959
-668.706
-668.941
-669.387
-668.672
-669.085
-668.729
-668.699
-668.625
-668.701
-668.873
-669.195
-669.09
-669.289
-668.576
-668.387
-669.196
-669.08
-668.715
-668.31
-669.048
-669.528
-669.104
-669.141
-668.51
-668.631
-669.366
-668.68
-668.906
-669.056
-669.201
-669.124
-668.678
-668.812
-669.081
-668.634
-668.919
-668.806
-669.062
-668.792
-668.728
-669.42
-669.326
-668.503
-668.844
-669.159
-669.392
-668.688
-668.996
-669.12
-669.065
-668.703
-668.459
-669.129
-669.064
-669.05
-669.038
-669.109
-669.124
-668.99
-669.354
-668.717
-669.015
-669.104
-669.422
-668.749
-669.087
-668.756
-666.992
-668.75
-668.765
-668.729
-669.152
-668.908
-669.146
-669.416
-669.136
-668.773
-668.861
-669.001
-668.997
-669.472
-669.119
-668.855
-668.809
-669.014
-669.056
-669.273
-668.41
-668.583
-668.701
-669.465
-669.518
-668.873
-669.028
-668.995
-669.423
-669.043
-668.978
-669.054
-669.034
-668.944
-669.017
-669.562
-668.567
-668.763
-669.185
-668.992
-668.492
-668.956
-669.015
-668.637
-669.096
-669.225
-669.325
-668.781
-669.076
-669.146
-668.88
-668.922
-668.647
-669.231
-669.09
-668.679
-668.715
-669.053
-669.464
-669.083
-669.257
-668.825
-669.03
-669.327
-668.465
-668.87
-666.672
-668.811
-668.968
-668.987
-668.851
-669.209
-668.858
-669.068
-669.158
-668.962
-669
-669.092
-668.91
-669.247
-668.892
-668.749
-669.001
-669.018
-668.77
-668.202
-668.388
-669.013
-669.07
-669.145
-669.237
-668.781
-669.058
-668.33
-668.318
-669.4
-668.528
-669.305
-669.118
-668.702
-668.652
-668.861
-669.064
-668.645
-669.294
-668.833
-669.001
-668.625
-669.458
-668.607
-668.86
-668.995
-668.89
-669.06
-668.803
-668.532
-669.187
-668.958
-668.801
-667.547
-668.889
-668.566
-669.045
-669.184
-669.084
-668.511
-668.84
-668.323
-668.556
-669.183
-668.817
-669.146
-668.788
-669.134
-668.563
-668.985
-669.062
-668.884
-669.212
-669.209
-668.441
-668.58
-668.79
-668.594
-668.791
-669.174
-668.827
-668.805
-668.763
-669.034
-668.859
-669.267
-669.115
-668.862
-668.64
-669.166
-669.11
-669.004
-669.266
-668.917
-669.14
-669.26
-668.899
-668.638
-669.079
-669.348
-668.812
-668.799
-668.761
-669.403
-668.812
-669.026
-668.898
-668.862
-668.844
-668.978
-668.851
-669.733
-669.015
-669.106
-669.227
-668.919
-668.888
-668.984
-669.22
-669.32
-669.034
-668.552
-668.715
-669.36
-668.982
-668.82
-669.214
-668.354
-669.235
-668.93
-668.757
-668.821
-668.666
-669.177
-668.993
-668.845
-668.677
-668.89
-669.034
-668.964
-668.984
-668.34
-669.069
-669.203
-669.038
-669.181
-669.381
-669.354
-668.913
-668.859
-668.822
-669.142
-669.035
-668.669
-669.049
-668.361
-669.052
-668.63
-668.847
-669.049
-669.303
-668.472
-668.932
-668.973
-669.529
-668.924
-668.782
-668.711
-669.089
-668.535
-668.913
-669.282
-668.877
-668.791
-668.957
-668.972
-668.943
-669.253
-668.798
-669.132
-668.559
-668.547
-669.023
-669.031
-668.457
-668.449
-669.057
-667.773
-669.073
-668.918
-668.692
-667.103
-668.886
-669.047
-669.284
-669.465
-669.138
-669.28
-668.861
-668.723
-668.648
-668.932
-668.773
-668.879
-668.756
-669.044
-669.177
-669.123
-668.719
-668.916
-669.104
-668.49
-668.519
-669.014
-668.982
-669.06
-667.734
-668.99
-669.371
-668.709
-668.289
-669.053
-668.859
-668.773
-668.94
-668.974
-668.932
-668.972
-668.993
-668.889
-669.016
-669.142
-668.935
-668.954
-669.251
-668.8
-669.246
-668.916
-668.979
-668.858
-668.896
-669.384
-669.08
-669.237
-668.654
-668.872
-668.662
-668.86
-668.549
-669.208
-668.848
-668.969
-669.115
-669.192
-668.809
-668.881
-669.025
-668.191
-668.979
-669.28
-668.856
-669.09
-669.018
-669.231
-668.684
-669.442
-668.852
-669.011
-668.781
-669.198
-668.608
-668.429
-668.583
-668.918
-669.073
-668.934
-669.306
-668.731
-669.112
-669.049
-668.972
-668.924
-669.2
-669.41
-668.939
-669.135
-669.044
-668.723
-668.877
-669.089
-668.986
-668.872
-668.961
-669.194
-668.833
-669.29
-668.677
-667.762
-668.863
-668.643
-669.12
-668.697
-668.868
-668.959
-669.12
-668.623
-668.703
-668.401
-668.612
-669.25
-668.832
-669.09
-668.931
-668.846
-668.523
-668.736
-668.581
-669.054
-669.05
-668.54
-668.984
-669.456
-669.641
-668.856
-668.812
-669.084
-669.014
-668.825
-668.561
-668.928
-668.926
-668.554
-668.621
-668.962
-669.49
-669.304
-669.452
-668.609
-667.805
-669.023
-669.25
-668.957
-669.101
-668.906
-669.099
-668.982
-668.695
-669.137
-668.97
-668.911
-669.005
-668.956
-668.649
-669.608
-668.975
-669.107
-668.867
-668.782
-669.035
-666.102
-668.719
-668.49
-669.309
-668.746
-669.326
-669.039
-668.902
-669.026
-669.15
-669.042
-669.001
-669.076
-668.95
-668.938
-669.076
-668.333
-666.949
-668.551
-668.496
-668.86
-668.963
-668.846
-668.836
-668.727
-669.169
-668.809
-668.952
-669.177
-668.919
-668.797
-669.118
-669.015
-669.18
-668.992
-668.781
-668.375
-668.998
-668.999
-669.031
-668.629
-669.176
-669.038
-669.027
-668.482
-668.837
-668.94
-668.641
-668.474
-668.773
-669.032
-669.236
-669.327
-669.188
-668.453
-669.232
-668.796
-669.063
-668.737
-669.178
-669.015
-669.108
-669.417
-668.678
-669.234
-669.193
-669.104
-669.125
-669.124
-669.305
-668.01
-668.796
-668.527
-669.099
-668.893
-668.743
-668.293
-669.098
-668.646
-668.71
-669.157
-668.975
-669.245
-668.981
-668.811
-669.165
-668.726
-669.179
-668.699
-669.21
-668.998
-668.415
-668.983
-669.197
-669.037
-668.672
-668.727
-668.616
-669.025
-669
-669.256
-669.131
-669.037
-669.207
-669.099
-668.97
-668.876
-668.912
-669.716
-669.369
-668.921
-669.39
-669.004
-669.071
-669.438
-668.064
-669.03
-668.572
-669.414
-668.793
-669.087
-669.347
-668.686
-668.777
-669.071
-669.009
-668.879
-668.922
-669.276
-668.998
-668.587
-669.396
-669.072
-669.087
-668.672
-668.348
-669.093
-668.79
-668.953
-668.79
-668.912
-669.134
-669.444
-669.37
-668.707
-669.178
-669.399
-669.292
-669.032
-669.229
-669.096
-668.612
-669.077
-669.111
-668.56
-669.11
-668.766
-668.964
-669.369
-668.791
-669.133
-669.136
-668.955
-668.894
-668.871
-669.393
-669.247
-668.891
-669.286
-669.117
-669.446
-668.965
-669.056
-669.175
-668.19
-666.682
-668.702
-669.097
-669.168
-668.871
-668.786
-669.088
-668.75
-669.186
-669.426
-669.069
-668.808
-669.37
-668.778
-669.448
-669.136
-669.215
-668.549
-669.01
-668.911
-668.876
-668.874
-669.14
-669.269
-668.613
-669.097
-668.763
-668.878
-668.699
-669.171
-668.957
-668.688
-668.518
-668.648
-669.145
-669.302
-669.16
-669.425
-668.886
-669.035
-669.007
-669.224
-669.075
-668.917
-668.656
-669.317
-669.132
-668.965
-668.936
-669.013
-669.147
-669.052
-668.728
-668.716
-669.548
-669.193
-668.036
-668.97
-669.148
-668.784
-669.019
-669.053
-668.854
-669.059
-669.034
-669.373
-668.765
-669.728
-669.171
-669.428
-669.199
-668.832
-669.048
-668.982
-669.184
-669.073
-669.276
-668.92
-668.879
-669.014
-669.39
-669.583
-669.272
-668.667
-668.969
-669.001
-669.141
-668.643
-668.457
-669.19
-668.737
-669.681
-669.326
-668.958
-669.09
-668.855
-668.704
-669.086
-669.034
-668.675
-669.134
-668.829
-669.071
-669.183
-668.912
-669.199
-668.907
-669.245
-669.152
-669.312
-669.144
-668.473
-668.982
-669.283
-668.169
-669.151
-668.677
-669.147
-669.172
-668.76
-668.683
-668.921
-669.029
-669.105
-668.92
-669.064
-669.044
-669.279
-668.887
-669.137
-669.178
-669.532
-668.784
-668.982
-669.129
-669.742
-668.916
-668.635
-669.048
-669.367
-668.708
-668.372
-669.098
-668.901
-669.011
-669.255
-668.955
-668.791
-669.132
-669.013
-668.625
-669.179
-669.093
-669.048
-668.681
-668.747
-669.063
-668.716
-669.002
-669.036
-668.9
-668.577
-668.941
-668.834
-669.135
-668.821
-668.531
-668.67
-668.688
-668.614
-669.015
-669.054
-669.288
-668.744
-669.19
-668.695
-668.897
-668.895
-669.274
-668.93
-668.903
-669.031
-669.398
-668.97
-668.876
-668.637
-669.434
-668.867
-668.883
-669.156
-668.12
-668.84
-668.505
-668.344
-669.092
-668.573
-669.152
-669.09
-668.79
-669.191
-668.425
-668.765
-669.194
-668.95
-669.002
-669.085
-668.562
-668.891
-669.027
-668.985
-668.488
-669.169
-669.111
-668.971
-668.554
-668.777
-669.379
-668.882
-669.187
-669.469
-669.391
-668.63
-669.357
-668.971
-669.158
-668.77
-669.13
-669.108
-669.037
-669.167
-668.698
-669.366
-669.047
-668.991
-669.515
-669.17
-668.313
-668.562
-669.148
-669.509
-668.453
-669.132
-669.32
-668.9
-669.248
-669.207
-669.082
-668.934
-669.24
-669.148
-668.941
-668.714
-669.298
-668.945
-668.74
-668.78
-669.318
-669.454
-669.139
-669.122
-669.35
-669.243
-668.715
-669.241
-668.953
-668.503
-668.355
-669.055
-668.517
-669.146
-668.641
-669.045
-668.856
-669.544
-669.295
-668.97
-668.676
-669.209
-668.811
-669.064
-669.322
-668.908
-669.193
-669.311
-669.086
-669.206
-668.666
-669.076
-668.778
-669.162
-668.849
-669.008
-668.681
-669.008
-669.046
-669.057
-669.602
-669.06
-668.865
-668.82
-668.864
-668.667
-669.029
-668.938
-669.338
-669.232
-669.265
-669.127
-669.511
-669.286
-668.582
-669.484
-669.017
-668.88
-668.853
-668.941
-669.11
-668.507
-669.139
-668.971
-668.984
-668.563
-669.079
-669.093
-668.832
-669.178
-668.863
-669.458
-668.68
-668.824
-668.822
-669.016
-668.907
-669.1
-668.856
-668.937
-668.795
-666.487
-668.957
-669.012
-668.894
-669.061
-669.263
-669.36
-669.074
-669.376
-668.923
-668.782
-669.243
-668.697
-669.228
-669.13
-668.549
-668.508
-669.174
-669.211
-668.895
-669.125
-669.362
-668.418
-669.361
-669.234
-669.338
-669.573
-668.522
-668.936
-669.314
-669.18
-668.796
-669.059
-669.197
-668.948
-669.226
-669.452
-669.137
-669.296
-668.69
-669.232
-669.253
-669.485
-668.858
-669.066
-668.791
-669.166
-669.689
-669.207
-668.955
-669.176
-669.359
-668.735
-668.989
-669.061
-668.76
-669.05
-668.999
-668.546
-668.836
-668.74
-669.169
-669.331
-668.778
-669.236
-669.181
-669.107
-668.862
-669.09
-669.255
-669
-669.05
-668.92
-669.098
-668.836
-668.909
-668.853
-668.247
-669.209
-669.334
-668.509
-668.796
-669.118
-668.999
-669.491
-668.766
-668.537
-669.214
-669.069
-668.723
-669.044
-669.324
-669.195
-668.951
-669.038
-669.056
-669.146
-668.112
-668.743
-668.939
-669.156
-669.115
-669.214
-669.171
-668.919
-669.253
-668.632
-668.859
-668.887
-668.89
-668.817
-668.891
-668.626
-668.664
-669.366
-668.526
-668.894
-668.838
-669.37
-669.11
-668.703
-669.104
-668.984
-669.259
-668.888
-668.839
-669.208
-669.241
-668.782
-668.707
-669.604
-668.81
-669.327
-668.613
-668.906
-668.925
-669.425
-669.208
-668.397
-668.793
-668.93
-668.99
-669.325
-669.007
-667.292
-669.16
-669.046
-669.166
-668.961
-668.738
-669.118
-669.092
-669.165
-669.052
-668.521
-668.865
-669.083
-668.432
-669.244
-669.036
-669.203
-669.208
-669.551
-669.071
-669.121
-669.265
-668.784
-668.817
-668.739
-668.889
-668.634
-668.963
-669.261
-668.665
-669.281
-668.843
-668.17
-669.362
-668.929
-668.507
-668.911
-669.146
-669.08
-669.248
-668.735
-668.905
-668.987
-669.195
-669.048
-669.411
-668.983
-668.537
-668.782
-669.115
-668.598
-669.24
-669.207
-668.847
-669.031
-669.058
-669.011
-669.198
-668.83
-669.186
-668.831
-668.898
-669.072
-669.128
-669.414
-668.696
-668.893
-668.445
-669.037
-669.032
-668.912
-669.011
-668.509
-668.903
-668.736
-669.223
-669.691
-668.663
-668.408
-669.252
-669.108
-669.362
-668.714
-669.239
-668.924
-669.116
-669.428
-669.149
-669.047
-668.948
-669.087
-668.933
-669.141
-669.319
-668.974
-669.064
-669.213
-668.923
-668.819
-668.938
-668.802
-668.726
-668.761
-669.108
-669.09
-669.022
-668.772
-669.455
-669.229
-669.305
-668.711
-669.069
-668.924
-669.393
-668.907
-669.033
-668.46
-669.137
-669.171
-668.879
-668.813
-669.215
-669.11
-668.643
-668.728
-669.353
-668.9
-667.931
-668.963
-669.449
-669.4
-668.828
-668.494
-669.203
-669.259
-669.152
-668.902
-669.139
-668.759
-669.152
-668.914
-669.095
-669.11
-668.783
-668.891
-668.846
-668.643
-668.604
-669.218
-668.939
-669.099
-668.518
-668.998
-668.688
-669.471
-669.229
-668.932
-669.364
-668.325
-669.345
-668.407
-669.165
-669.046
-668.929
-668.922
-669.327
-669.01
-669.12
-669.579
-669.005
-669.222
-669.235
-668.848
-669.129
-669.043
-669.164
-668.856
-668.973
-669.077
-668.562
-668.914
-667.091
-668.651
-669.124
-669.091
-668.867
-668.987
-669.087
-669.182
-669.614
-668.396
-668.975
-669.464
-669.278
-669.055
-668.61
-668.507
-669.066
-668.929
-669.098
-668.786
-669.391
-668.832
-668.768
-669.002
-668.875
-669.19
-669.056
-668.284
-668.944
-668.723
-669.149
-669.148
-669.105
-669.135
-668.728
-668.617
-669.032
-669.025
-669.009
-669.181
-669.151
-669.294
-669.704
-669.163
-668.95
-669.202
-669.074
-668.757
-669.114
-669.354
-669.196
-668.81
-669.257
-669.565
-669.183
-668.567
-668.801
-669.389
-669.369
-668.814
-668.828
-668.51
-669.02
-669.371
-669.346
-669.087
-669.207
-669.193
-668.437
-669.176
-668.831
-669.246
-669.222
-668.809
-668.705
-668.706
-668.855
-668.727
-669.233
-668.983
-668.875
-668.761
-669.272
-668.839
-669.134
-668.933
-669.103
-669.238
-669.017
-668.426
-668.987
-668.824
-668.746
-669.012
-668.567
-669.19
-669.136
-668.9
-669.133
-668.972
-668.885
-669.26
-668.929
-669.27
-668.8
-668.799
-668.667
-669.329
-668.761
-669.207
-669.046
-668.903
-669.158
-668.876
-669.213
-668.888
-668.935
-668.883
-668.736
-668.725
-669.139
-669.321
-669.127
-669.601
-669.148
-669.256
-668.783
-669.281
-668.684
-668.918
-669.253
-668.945
-668.801
-669.406
-668.581
-669.279
-668.856
-669.257
-669.049
-668.792
-668.957
-668.969
-668.855
-669.181
-669.164
-668.783
-668.855
-668.716
-669.406
-668.93
-669.087
-669.318
-668.964
-668.83
-668.273
-669.097
-668.647
-669.035
-668.656
-668.959
-668.822
-668.55
-669.32
-668.696
-669.028
-668.817
-668.976
-669.307
-669.022
-668.975
-668.971
-668.912
-669.12
-669.101
-669.061
-668.951
-668.97
-668.939
-669.274
-669.092
-668.317
-669.032
-668.888
-668.82
-669.11
-668.976
-669.175
-668.414
-669.009
-668.639
-668.746
-669.103
-669.239
-669.333
-668.644
-668.993
-668.793
-668.816
-669.055
-668.898
-668.875
-669.15
-669.308
-668.945
-668.819
-668.86
-668.943
-669.125
-668.668
-669.219
-668.804
-669.485
-669.27
-668.793
-668.942
-668.745
-669.364
-669.117
-668.996
-669.296
-669.362
-669.558
-668.908
-669.176
-669.025
-669.173
-668.781
-669.041
-668.603
-669.046
-668.653
-668.267
-668.959
-669.319
-668.563
-668.874
-669.061
-668.867
-669.228
-668.529
-668.539
-668.938
-669.358
-668.741
-669.201
-668.863
-668.923
-668.846
-668.652
-669.277
-669.126
-668.983
-668.773
-668.909
-669.276
-668.867
-669.138
-668.976
-669.247
-669.091
-669.081
-669.181
-668.869
-668.987
-669.122
-669.15
-669.02
-669.018
-668.842
-668.922
-668.929
-666.795
-668.836
-668.851
-668.864
-669.003
-668.996
-669.189
-668.782
-669.148
-669.02
-669.329
-669.083
-668.656
-669.052
-668.75
-668.678
-668.802
-669.216
-668.779
-669.058
-668.843
-668.327
-668.935
-668.909
-668.266
-668.505
-668.977
-669.291
-668.934
-668.837
-669.256
-669.351
-668.413
-669.219
-668.663
-668.865
-669.715
-669.031
-668.616
-668.859
-669.253
-669.174
-668.751
-669.473
-669.388
-669.01
-669.079
-668.204
-668.744
-668.895
-669.003
-669.058
-669.114
-668.631
-668.906
-668.902
-669.375
-668.275
-668.832
-668.577
-668.736
-668.855
-669.201
-669.182
-669.268
-668.74
-669.378
-669.028
-669.051
-669.132
-668.974
-669.202
-668.541
-668.901
-668.837
-668.81
-668.78
-669.32
-669.044
-669.069
-669.303
-668.512
-669.242
-668.625
-668.845
-668.567
-669.271
-668.646
-669.505
-668.6
-668.706
-668.765
-668.913
-668.866
-668.916
-668.548
-668.934
-668.743
-669.026
-669.568
-669.271
-669.261
-669.07
-669.2
-669.519
-669.107
-668.768
-668.617
-668.632
-669.308
-668.593
-668.928
-669.322
-669.186
-669.352
-669.205
-669.099
-669.438
-669.205
-669.107
-669.052
-669.462
-669.38
-668.554
-669.304
-668.433
-669.484
-669.191
-669.314
-668.739
-669.155
-669.072
-668.969
-668.538
-668.809
-668.524
-668.826
-669.054
-669.28
-668.557
-669.103
-669.032
-669.079
-669.233
-669.124
-668.791
-668.445
-669.377
-669.134
-669.345
-668.814
-669.11
-669.152
-669.358
-669.237
-669.156
-668.629
-669.058
-668.081
-668.311
-668.856
-669.346
-668.866
-669.235
-668.93
-669.055
-668.665
-669.002
-668.918
-669.041
-668.814
-668.507
-668.802
-668.781
-668.757
-669.333
-669.043
-668.865
-668.671
-668.648
-669.048
-669.263
-667.413
-669.389
-669.206
-668.441
-668.7
-669.153
-669.183
-668.752
-669.126
-669.182
-669.255
-669.194
-669.253
-669.015
-668.942
-669.293
-668.931
-669.096
-668.786
-668.812
-668.884
-669.177
-668.888
-668.793
-669.124
-669.093
-669.142
-668.971
-669.161
-669.289
-668.844
-668.901
-669.078
-669.16
-669.127
-668.909
-668.987
-669.162
-669.101
-669.438
-669.143
-668.684
-669.169
-668.808
-669.347
-669.312
-669.292
-668.303
-669.471
-667.176
-668.762
-669.428
-669.193
-669.14
-669.378
-669.297
-668.985
-669.214
-669.115
-669.082
-668.872
-669.368
-669.227
-668.853
-668.717
-669.073
-669.534
-669.076
-668.944
-668.555
-669.314
-668.613
-669.03
-669.296
-669.155
-669.043
-669.052
-668.841
-669.196
-668.928
-669.119
-668.952
-669.267
-668.584
-668.984
-669.106
-669.21
-669.121
-668.638
-669.016
-668.979
-669.456
-668.793
-669.053
-668.704
-669.391
-669.452
-669.434
-669.46
-669.426
-668.816
-668.844
-669.058
-666.227
-669.323
-668.719
-669.155
-669.306
-669.193
-669.371
-669.326
-669.146
-668.629
-669.011
-668.887
-668.97
-668.672
-669.156
-669.511
-668.77
-669.074
-669.101
-668.953
-668.867
-669.254
-668.869
-668.839
-669.036
-668.854
-669.072
-669.34
-668.569
-668.838
-669.306
-668.873
-669.628
-669.245
-669.107
-669.078
-668.829
-669.117
-669.231
-669.198
-669.302
-668.724
-669.311
-668.891
-669.937
-669.392
-669.079
-669.088
-668.923
-669.21
-668.861
-669.157
-669.048
-668.646
-668.933
-669.156
-669.241
-669.086
-669.257
-668.823
-669.051
-668.926
-669.301
-669.134
-669.047
-668.859
-669.126
-668.927
-669.353
-669.048
-669.07
-668.975
-669.144
-669.155
-669.3
-668.999
-669.258
-668.845
-668.825
-669.44
-668.798
-668.592
-669.022
-669.021
-668.945
-669.17
-668.962
-668.993
-668.909
-668.59
-668.944
-668.792
-669.102
-669.21
-669.358
-669.022
-669.108
-669.044
-668.583
-669.088
-668.629
-669.209
-668.932
-668.992
-669.006
-669.174
-669.217
-669.089
-668.976
-668.693
-669.068
-669.222
-668.937
-669.277
-668.736
-669.041
-668.832
-669.514
-669.162
-668.712
-668.899
-668.943
-668.484
-669.471
-668.78
-669.042
-669.018
-668.799
-669.226
-668.977
-668.771
-669.192
-669.599
-666.956
-669.166
-669.157
-668.859
-669.186
-669.284
-669.378
-668.746
-668.81
-668.67
-668.685
-669.192
-669.417
-668.997
-669.43
-668.879
-668.752
-669.061
-668.81
-668.498
-669.074
-669.113
-668.964
-669.41
-668.631
-668.781
-669.539
-669.439
-668.753
-669.55
-669.237
-669.125
-669.163
-669.239
-668.638
-668.943
-669.117
-668.763
-668.691
-669.025
-669.056
-668.792
-668.846
-669.357
-669.192
-668.945
-669.173
-669.379
-669.314
-669.05
-669.13
-669.295
-668.723
-669.299
-669.12
-668.693
-668.917
-668.875
-669.181
-668.574
-668.92
-668.807
-668.67
-668.782
-669.066
-669.376
-668.74
-669.14
-668.612
-669.144
-668.879
-668.796
-669.338
-668.87
-668.665
-668.972
-669.12
-668.532
-668.993
-669.143
-669.075
-668.902
-667.32
-669.419
-669.135
-669.464
-668.844
-669.191
-668.611
-669.456
-669.07
-669.167
-669.358
-668.89
-669.057
-668.965
-669.396
-669.115
-669.056
-669.393
-669.233
-669.072
-668.52
-668.924
-669.103
-668.63
-669.16
-668.997
-669.246
-669.029
-669.158
-669.014
-668.981
-668.766
-669.324
-668.651
-669.077
-669.368
-669.281
-668.812
-669.09
-668.399
-669.74
-668.902
-669.086
-669.395
-669.191
-669.115
-668.733
-669.059
-668.624
-668.512
-668.781
-669.062
-669.441
-669.173
-669.21
-669.087
-668.881
-668.88
-669.057
-669.133
-669.047
-669.432
-669.1
-669.403
-669.089
-668.801
-668.906
-668.939
-668.765
-668.977
-669.246
-668.737
-668.868
-669.19
-669.09
-669.114
-668.661
-669.297
-666.778
-668.796
-668.84
-668.456
-668.948
-668.955
-669.044
-668.847
-668.865
-668.624
-668.832
-668.668
-669.075
-669.208
-669.438
-668.935
-669.043
-668.852
-669.304
-668.933
-668.907
-668.839
-668.874
-669.098
-669.311
-668.995
-669.089
-668.698
-669.309
-669.017
-668.871
-669.107
-668.913
-668.66
-668.924
-668.879
-669.351
-668.466
-669.068
-669.256
-669.178
-668.507
-669.365
-669.102
-668.683
-669.057
-669.315
-669.006
-669.288
-669.151
-669.184
-669.213
-668.891
-669.106
-669.39
-668.715
-669.634
-669.59
-669.4
-669.081
-668.872
-669.312
-669.418
-669.17
-669.295
-668.969
-669.146
-669.583
-669.358
-669.153
-668.79
-668.723
-669.266
-669.19
-668.987
-668.948
-668.919
-667.671
-669.132
-669.398
-669.073
-668.649
-669.375
-668.974
-669.246
-668.838
-668.808
-668.809
-669.245
-668.844
-668.637
-668.539
-668.998
-668.844
-668.974
-668.636
-669.308
-668.866
-668.986
-668.734
-669.292
-668.586
-669.017
-668.648
-668.85
-669.183
-669.211
-668.775
-667.668
-669.042
-668.693
-667.201
-668.885
-668.99
-668.814
-669.164
-669.719
-669.215
-669.041
-669.349
-668.649
-669.082
-668.988
-668.768
-669.137
-669.253
-669.255
-669.13
-669.323
-668.427
-669.004
-669.439
-669.349
-668.911
-669.011
-669.314
-668.983
-669.312
-669.259
-669.094
-668.884
-668.918
-669.324
-669.174
-669.092
-669.298
-668.915
-668.953
-668.876
-668.937
-669.171
-669.25
-668.691
-668.832
-668.953
-668.984
-669.443
-668.819
-668.92
-668.728
-669.411
-669.048
-668.88
-669.417
-669.051
-669.057
-669.201
-668.927
-668.862
-669.279
-669.175
-669.131
-669.032
-668.798
-669.084
-669.308
-668.653
-669.234
-669.009
-669.089
-669.291
-668.767
-668.967
-669.309
-668.341
-668.849
-669.148
-669.227
-666.97
-668.823
-668.956
-669.225
-668.732
-669.423
-669.184
-669.113
-669.409
-669.164
-669.09
-668.927
-669.195
-668.986
-669.202
-668.052
-668.796
-668.733
-669.215
-668.618
-669.343
-668.942
-669.464
-669.078
-668.796
-669.203
-669.143
-669.071
-668.731
-668.267
-669.307
-668.833
-669.092
-668.384
-669.086
-669.629
-669.174
-668.991
-668.856
-669.011
-668.82
-668.771
-669.205
-668.994
-668.851
-669.041
-669.663
-668.906
-668.924
-668.829
-668.889
-668.828
-669.318
-669.181
-668.939
-668.689
-668.766
-669.289
-669.1
-669.211
-668.964
-668.995
-669.109
-669.349
-668.933
-669.08
-668.858
-669.372
-668.682
-669.227
-669.274
-669.151
-668.853
-669.066
-668.756
-669.276
-668.641
-669.066
-669.064
-669.127
-668.738
-669.391
-669.351
-668.865
-669.091
-669.327
-669.131
-668.687
-669.041
-668.742
-669.005
-669.335
-668.779
-669.211
-669.543
-669.5
-669.195
-668.773
-669.162
-668.622
-669.075
-669.021
-669.197
-669.232
-668.961
-669.2
-669.4
-668.791
-668.504
-669.144
-668.912
-669.109
-669.009
-668.862
-669.117
-669.44
-669.365
-669.181
-669.351
-669.149
-669.255
-669.452
-669.113
-669.146
-668.861
-669.192
-669.369
-669.078
-668.912
-669.253
-668.619
-668.903
-668.867
-669.068
-669.022
-669.118
-669.195
-669.109
-669.451
-669.146
-668.806
-668.849
-668.922
-668.663
-669.232
-669.101
-669.247
-669.038
-669.053
-669.375
-668.954
-669.501
-669.093
-668.735
-668.875
-668.762
-669.09
-669.123
-668.869
-669.713
-669.014
-669.118
-669.179
-668.619
-669.143
-669.048
-667.007
-668.732
-668.036
-668.839
-668.467
-669.124
-669.226
-668.934
-668.951
-668.823
-669.072
-669.164
-669.275
-669.129
-668.878
-668.773
-669.04
-669.029
-669.169
-669.228
-668.865
-668.767
-669.04
-669.262
-669.031
-668.741
-668.911
-668.755
-669.389
-669.442
-668.957
-669.235
-668.885
-668.988
-669.363
-669.093
-668.845
-668.927
-669.085
-668.946
-669.16
-668.965
-669.002
-669.051
-669.42
-669.078
-668.984
-668.977
-668.505
-668.954
-669.166
-668.874
-668.767
-668.96
-669.03
-669.444
-668.299
-669.1
-669.504
-668.764
-668.604
-668.916
-669.276
-669.153
-669.088
-668.534
-668.581
-669.187
-669.071
-668.882
-668.972
-669.198
-667.729
-669.221
-669.506
-668.92
-668.905
-668.808
-668.684
-669.084
-668.911
-669.686
-668.502
-669.112
-669.037
-668.625
-669.498
-669.086
-669.256
-668.862
-669.102
-669.389
-669.397
-668.795
-668.806
-669.036
-668.793
-668.887
-668.728
-668.892
-669.106
-668.545
-669.428
-669.134
-668.876
-668.932
-668.643
-669.079
-669.077
-668.928
-669.151
-669.146
-668.522
-669.052
-669.124
-669.044
-668.815
-669.389
-669.186
-669.074
-669.251
-669.221
-669.25
-668.812
-668.787
-669.091
-669.044
-669.453
-669.139
-668.995
-669.116
-668.957
-669.12
-668.846
-668.856
-669.042
-668.688
-668.349
-668.845
-668.793
-669.152
-668.859
-669.081
-668.925
-669.052
-668.858
-668.824
-669.36
-668.984
-669.057
-669.27
-668.973
-669.512
-669.088
-669.051
-668.884
-669.157
-669.12
-668.912
-669.108
-668.847
-668.931
-669.286
-669.016
-669.016
-668.893
-668.081
-669.407
-668.881
-669.265
-668.964
-668.487
-668.777
-668.754
-669.004
-669.169
-668.931
-669.405
-668.841
-669.102
-669.022
-668.851
-668.958
-668.758
-668.623
-668.727
-668.645
-669.218
-668.952
-668.782
-669.062
-668.999
-669.024
-669.045
-669.188
-669.207
-669.396
-669.353
-668.426
-668.945
-669.175
-669.331
-669.296
-668.997
-669.129
-668.66
-668.618
-669.014
-669.144
-669.091
-669.026
-669.062
-669.146
-669.078
-668.732
-669.071
-669.226
-669.366
-669.198
-669.111
-668.839
-668.924
-669.069
-669.191
-669.354
-668.664
-668.976
-669.21
-668.744
-668.567
-668.709
-669.004
-669.224
-669.027
-669.062
-668.945
-668.78
-669.352
-668.714
-668.799
-668.896
-668.628
-668.651
-669.317
-668.82
-669.128
-668.267
-669.434
-668.588
-669.484
-669.138
-668.717
-668.841
-668.966
-668.895
-669.195
-668.784
-668.841
-669.111
-668.946
-668.853
-668.933
-669.166
-669.119
-669.029
-668.864
-669.128
-668.819
-669.348
-669.224
-668.975
-669.361
-668.577
-669.293
-669.283
-668.983
-669.036
-669.14
-669.231
-668.831
-669.431
-668.811
-668.883
-668.971
-669.403
-669.047
-668.978
-669.482
-668.92
-669.444
-668.807
-668.944
-668.987
-669.44
-668.991
-668.838
-669.182
-669.042
-669.348
-668.984
-669.168
-669.136
-668.851
-669.022
-668.814
-668.821
-668.879
-668.679
-668.833
-668.838
-668.689
-669.094
-669.052
-669.134
-669.212
-669.451
-669.614
-668.883
-669.12
-669.238
-669.311
-669.142
-669.399
-669.177
-669.162
-668.791
-669.026
-668.819
-669.17
-669.257
-668.906
-668.839
-668.94
-669.239
-669.11
-669.058
-668.696
-668.882
-669.297
-668.75
-669.27
-669.165
-669.342
-669.02
-668.906
-669.429
-669.432
-668.817
-669.035
-669.077
-668.861
-668.444
-669.138
-669.126
-669.312
-669.022
-669.362
-669.021
-669.11
-669.024
-669.111
-669.026
-668.669
-668.839
-668.664
-668.729
-669.339
-669.555
-669.025
-669.283
-668.626
-668.806
-668.997
-668.932
-669.142
-669.08
-668.84
-669.025
-668.892
-669.002
-669.413
-669.259
-669.033
-669.33
-668.931
-668.965
-668.761
-668.448
-668.286
-669.206
-668.844
-669.036
-668.831
-669.441
-668.869
-669.159
-669.303
-669.127
-669.192
-668.811
-668.974
-669.487
-668.933
-668.791
-669.434
-668.801
-669.569
-668.971
-668.845
-669.423
-668.979
-669.091
-669.294
-669.208
-669.35
-668.707
-669.094
-668.946
-668.664
-669.442
-669.021
-669.118
-669.257
-668.697
-669.239
-669.303
-669.26
-668.992
-669.178
-669.188
-669.035
-668.827
-669.083
-669.416
-668.824
-668.983
-669.728
-668.752
-668.976
-669.207
-669.298
-669.07
-668.931
-669.05
-668.762
-668.988
-668.971
-668.86
-668.762
-669.123
-669.133
-669.205
-668.99
-669.077
-668.928
-669.07
-668.826
-669.118
-669.332
-669.121
-669.207
-668.95
-668.832
-669.024
-668.753
-668.819
-668.896
-668.916
-669.402
-669.318
-669.394
-669.126
-669.115
-668.054
-669.092
-668.859
-668.681
-669.128
-669.212
-669.043
-669.137
-669.086
-669.361
-668.563
-669.065
-669.699
-668.886
-669.007
-669.202
-668.922
-669.173
-669.108
-669.159
-668.711
-668.978
-669.098
-669.323
-669.142
-669.062
-669.151
-669.277
-668.795
-668.85
-668.943
-669.073
-669.18
-669.178
-669.032
-669.152
-669.18
-669.342
-669.469
-669.124
-669.185
-668.896
-668.968
-668.982
-669.244
-669.4
-669.106
-669.062
-669.118
-668.809
-668.975
-669.5
-669.345
-667.919
-668.698
-669.342
-669.231
-668.863
-669.173
-668.901
-669.424
-669.198
-668.905
-669.047
-668.695
-669.326
-668.581
-669.042
-669.089
-669.502
-669.124
-669.225
-668.734
-669.01
-668.658
-669.078
-669.122
-668.968
-668.856
-669.029
-669.096
-669.163
-667.59
-668.872
-668.852
-669.392
-669.026
-668.939
-668.933
-669.124
-668.87
-669.025
-669.339
-669.078
-668.991
-669.03
-669.208
-668.867
-669.354
-668.646
-668.914
-669.261
-668.79
-669.671
-669.508
-668.935
-669.103
-669.042
-669.106
-669.316
-668.925
-669.37
-668.978
-668.643
-668.736
-669.052
-669.472
-669.303
-669.209
-668.961
-669.247
-669.121
-668.966
-669.012
-669.28
-669.087
-668.888
-669.522
-669.231
-669.256
-669.047
-668.573
-669.338
-669.297
-669.003
-669.125
-668.91
-668.81
-668.88
-668.841
-669.224
-668.927
-669.184
-669.092
-668.806
-669.304
-669.509
-669.212
-668.89
-669.158
-669.392
-668.794
-669.068
-668.594
-669.309
-668.595
-669.17
-668.869
-669.38
-669.249
-669.207
-669.159
-668.954
-669.006
-667.019
-669.042
-667.933
-669.014
-669.013
-669.195
-669.248
-669.176
-668.875
-668.836
-669.151
-668.952
-668.661
-669.338
-668.881
-669.233
-669.339
-669.163
-668.728
-669.485
-668.986
-668.675
-669.116
-668.986
-669.043
-668.999
-669.165
-669.115
-668.848
-668.547
-668.989
-668.894
-669.331
-668.935
-668.883
-668.823
-668.752
-669.098
-668.668
-669.106
-668.702
-669.52
-669.244
-668.714
-669.373
-668.997
-668.924
-669.399
-669.075
-669.128
-669.119
-669.294
-669.286
-668.992
-669.386
-669.119
-669.148
-668.242
-669.14
-669.352
-669.818
-668.664
-669.116
-669.068
-669.15
-669.376
-669.148
-668.91
-668.737
-668.941
-669.164
-669.58
-668.422
-668.921
-668.948
-669.242
-669.19
-668.73
-669.071
-669.126
-668.858
-668.876
-669.122
-668.763
-668.723
-669.172
-669.422
-669.1
-667.602
-668.534
-669.282
-668.719
-669.032
-668.598
-668.77
-669.067
-668.875
-669.428
-668.835
-668.988
-668.91
-669.072
-669.386
-668.882
-668.634
-669.268
-668.747
-668.845
-668.763
-669.606
-668.829
-669.106
-669.015
-669.179
-668.638
-668.062
-668.75
-668.941
-668.927
-668.995
-668.826
-668.809
-668.922
-668.771
-668.897
-669.044
-669.052
-669.18
-669.092
-668.801
-668.347
-668.911
-668.708
-669.325
-669.119
-669.208
-668.77
-669.424
-669.417
-669.125
-668.675
-669.429
-669.05
-669.257
-669.053
-669.008
-668.835
-669.166
-669.03
-668.845
-668.663
-669.056
-669.14
-668.855
-669.423
-669.333
-668.798
-669.512
-668.55
-669.046
-669.23
-669.294
-669
-669.136
-669.246
-669.075
-669.06
-668.901
-668.772
-669.548
-669.4
-669.32
-668.922
-668.9
-668.998
-667.512
-669.621
-669.314
-669.291
-668.96
-669.051
-668.768
-668.946
-669.119
-668.922
-669.129
-668.919
-668.668
-669.276
-669.143
-669.38
-668.418
-669.206
-669.687
-668.707
-668.638
-668.689
-668.977
-669.259
-669.218
-669.191
-668.982
-669.116
-669.046
-669.158
-668.979
-668.954
-668.65
-669.4
-669.276
-669.525
-669.055
-669.029
-668.854
-669.165
-669.05
-669.023
-669.394
-669.204
-669.089
-669.112
-669.004
-669.18
-669.096
-668.823
-669.14
-669.083
-669.199
-668.861
-669.018
-669.064
-669.22
-669.223
-669.281
-668.966
-669.392
-669.233
-669.2
-668.344
-668.872
-669.102
-669.402
-669.508
-669.199
-669.603
-669.2
-668.979
-667.757
-669.423
-669.074
-668.929
-669.401
-668.721
-668.912
-668.48
-669.329
-669.43
-668.57
-668.903
-669.069
-669.028
-668.986
-668.975
-669.129
-668.983
-669.144
-668.98
-669.115
-669.038
-669.787
-669.104
-668.874
-669.063
-669.083
-668.555
-669.117
-669.325
-669.382
-668.79
-669.141
-668.608
-669.298
-669.235
-669.257
-668.921
-669.063
-669.203
-669.166
-668.969
-669.371
-669.306
-669.416
-669.064
-669.103
-668.989
-668.859
-669.119
-668.765
-668.735
-669.202
-669.305
-668.876
-669.035
-668.88
-669.09
-668.455
-669.319
-669.284
-668.715
-668.823
-669.122
-668.747
-669.58
-669.196
-669.619
-669.203
-668.751
-668.956
-668.95
-669.307
-669.119
-669.393
-669.365
-669.105
-669.028
-668.758
-669.255
-668.717
-668.77
-668.638
-669.315
-668.828
-669.281
-668.813
-669.088
-669.102
-668.796
-669.065
-669.009
-669.119
-669.778
-669.13
-669.291
-669.332
-669.336
-669.204
-668.884
-669.105
-668.941
-668.971
-669.347
-669.21
-668.876
-669.308
-669.204
-668.694
-668.929
-668.747
-669.205
-669.24
-668.635
-669.087
-669.178
-669.213
-669.288
-669.235
-669.051
-669.182
-668.898
-669.208
-669.178
-669.136
-669.059
-668.676
-669.029
-669.455
-668.963
-668.934
-669.213
-668.975
-668.629
-669.252
-668.463
-669.332
-668.532
-668.903
-669.025
-669.179
-668.941
-669.309
-669.352
-669.443
-669.047
-669.727
-669.146
-669.241
-669.023
-669.335
-668.943
-669.19
-668.925
-668.844
-668.605
-668.741
-669.349
-668.888
-668.827
-669.057
-668.658
-668.919
-669.199
-669.344
-669.179
-669.144
-669.095
-669.434
-668.868
-669.068
-668.641
-669.173
-668.955
-669.177
-668.823
-669.222
-669.164
-668.873
-669.354
-669.118
-669.167
-668.781
-668.932
-668.775
-669
-668.636
-669.247
-669.227
-668.609
-668.907
-669.501
-669.142
-669.055
-669.322
-669.371
-668.854
-669.296
-669.255
-668.919
-669.265
-669.099
-669.209
-668.912
-668.76
-669.232
-669.541
-669.476
-668.994
-669.08
-668.77
-669.577
-668.96
-669.189
-669.454
-669.216
-668.83
-668.955
-668.814
-669.255
-668.978
-668.682
-669.402
-666.922
-668.993
-669.083
-668.905
-668.904
-667.995
-669.589
-669.162
-669.391
-669.327
-668.96
-669.388
-669.048
-669.518
-669.106
-669.137
-669.672
-669.12
-669.162
-669.001
-669.024
-669.517
-669.366
-669.121
-669.03
-668.956
-669.422
-669.332
-669.404
-669.104
-669.006
-668.959
-669.197
-668.938
-669.478
-668.945
-669.471
-668.797
-669.532
-669.173
-668.817
-669.239
-668.952
-669.321
-668.748
-668.734
-669.367
-669.286
-669.13
-669.19
-668.823
-669.172
-669.534
-668.08
-669.264
-669.14
-669.211
-668.691
-668.383
-669.305
-669.244
-669.14
-668.814
-668.563
-668.974
-669.331
-668.73
-668.554
-669.121
-669.168
-669.245
-668.91
-669.066
-669.164
-669.099
-669.059
-668.739
-668.951
-669.182
-669.324
-669.425
-668.896
-669.122
-669.368
-668.953
-668.909
-668.975
-669.339
-668.943
-668.923
-669.152
-669.337
-669.6
-668.349
-669.093
-668.874
-669.039
-669.515
-668.912
-668.622
-669.115
-669.281
-667.595
-668.976
-668.978
-669.04
-669.099
-669.05
-669.615
-669.265
-669.473
-669.395
-668.751
-669.038
-669.248
-669.163
-669.644
-669.252
-669.193
-668.541
-669.608
-669.189
-669.053
-669.081
-669.556
-668.862
-668.877
-669.258
-669.08
-668.739
-669.019
-668.922
-669.084
-668.818
-668.943
-669.067
-669.11
-668.914
-669.007
-668.975
-668.932
-668.576
-669.118
-669.567
-669.141
-668.929
-669.147
-668.917
-669.154
-668.431
-669.515
-668.736
-668.943
-668.999
-668.973
-668.95
-669.059
-669.178
-668.973
-669.421
-669.183
-669.418
-668.891
-668.952
-669.171
-668.55
-669.217
-669.109
-668.824
-669.102
-669.277
-669.068
-669.343
-669.27
-669.317
-668.891
-669.001
-669.232
-668.81
-669.377
-668.864
-668.731
-669.042
-668.896
-668.825
-668.996
-669.308
-669.266
-669.332
-668.783
-669.089
-668.911
-668.857
-668.966
-668.861
-668.88
-669.049
-668.321
-669.23
-668.928
-669.25
-669.284
-669.23
-669.084
-668.51
-668.844
-669.226
-669.325
-669.134
-669.001
-668.898
-669.258
-668.978
-669.079
-668.979
-669.288
-668.932
-667.579
-668.463
-668.782
-668.944
-669.061
-669.002
-669.536
-668.925
-668.697
-669.303
-669.05
-669.307
-669.351
-669.001
-669.249
-668.847
-669.038
-669.098
-669.084
-668.852
-669.131
-669.482
-669.304
-669.457
-669.219
-669.099
-668.952
-669.013
-669.255
-669.281
-669.313
-669.429
-668.823
-669.274
-669.261
-668.635
-669.282
-669.37
-668.515
-669.003
-669.273
-669.495
-668.655
-669.188
-669.327
-669.309
-668.955
-669.24
-668.958
-668.888
-668.769
-668.974
-669.175
-669.192
-668.606
-668.935
-668.705
-669.174
-669.461
-668.95
-669.285
-669.113
-668.932
-668.871
-669.165
-669.271
-669.281
-668.87
-669.383
-669.307
-669.05
-668.949
-669.458
-668.703
-668.789
-669.504
-669.021
-669.423
-668.929
-669.299
-669.193
-668.656
-669.239
-669.24
-669.111
-669.547
-669.51
-667.99
-669.2
-669.201
-668.858
-669.388
-669.252
-669.309
-669.065
-669.51
-668.927
-669.101
-669.223
-667.871
-669.28
-668.879
-669.149
-668.716
-668.922
-668.887
-668.864
-669.254
-669.094
-669.325
-669.428
-669.158
-669.235
-669.426
-669.56
-669.475
-669.194
-668.927
-668.994
-669.253
-669.183
-668.619
-668.812
-669.172
-669.105
-669.044
-668.561
-669.202
-669.243
-668.864
-668.65
-669.335
-669.036
-669.133
-669.433
-669.069
-669.138
-669.416
-668.992
-669.315
-669.207
-669.327
-669.011
-669.346
-669.329
-669.265
-668.985
-668.809
-668.984
-669.424
-669.014
-668.843
-669.025
-668.89
-668.965
-668.803
-668.855
-669.09
-668.909
-668.843
-669.111
-668.908
-669.289
-669.268
-669.5
-668.539
-669.307
-669.248
-669.282
-668.954
-669.054
-669.426
-668.971
-669.075
-668.748
-668.98
-669.174
-668.894
-669.149
-668.5
-668.896
-669.333
-668.77
-668.732
-669.334
-669.696
-669.004
-669.279
-668.868
-668.894
-669.207
-669.564
-669.189
-669.271
-668.925
-668.821
-668.863
-669.209
-669.176
-669.468
-669.08
-669.172
-668.632
-669.034
-668.784
-669.141
-668.913
-669.312
-669.256
-669.167
-669.199
-668.776
-669.58
-669.041
-668.966
-669.167
-668.783
-669.139
-668.771
-669.443
-668.919
-668.904
-669.075
-668.61
-669.351
-669.225
-669.211
-669.145
-669.289
-669.196
-669.225
-668.944
-669.223
-668.383
-668.859
-669.287
-669.436
-668.567
-668.872
-668.949
-668.909
-669.089
-669.253
-668.887
-668.929
-669.351
-669.207
-669.108
-669.395
-669.008
-669.298
-668.864
-669.26
-669.462
-669.172
-669.41
-668.678
-668.802
-669.151
-668.411
-669.188
-669.089
-668.985
-668.865
-669.235
-668.622
-668.907
-669.02
-669.317
-669.263
-667.079
-669.269
-668.471
-669.019
-668.825
-669.226
-668.795
-668.516
-668.994
-669.533
-668.571
-669.195
-667.589
-669.163
-669.12
-669.258
-668.63
-668.987
-668.504
-669.033
-669.415
-669.447
-669.132
-668.921
-669.256
-669.555
-669.329
-668.638
-668.968
-668.631
-668.882
-668.736
-669.199
-667.958
-669.44
-668.963
-669.658
-668.882
-668.252
-669.375
-669.122
-669.103
-668.971
-669.158
-669.106
-669.493
-668.878
-668.798
-669.445
-669.378
-669.34
-668.819
-668.986
-669.04
-669.066
-668.75
-669.306
-668.847
-668.944
-668.778
-669.095
-669.074
-668.883
-668.997
-669.075
-669.189
-668.76
-668.861
-669.033
-668.808
-669.448
-668.625
-669.026
-669.138
-669.188
-668.99
-669.153
-669.619
-668.791
-668.382
-669.147
-669.157
-669.194
-669.268
-668.993
-668.985
-668.947
-668.708
-668.985
-668.404
-669.019
-668.987
-668.835
-668.675
-669.217
-669.278
-669.112
-669.672
-669.048
-669.184
-669.063
-669.209
-668.849
-668.675
-669.005
-669.16
-668.733
-668.801
-669.428
-668.927
-669.093
-669.456
-669.151
-669.051
-669.55
-669.314
-668.79
-669.369
-668.77
-669.115
-669.323
-668.899
-669.107
-669.196
-669.2
-668.958
-668.929
-669.343
-669.092
-669.002
-668.656
-669.145
-669.144
-669.188
-668.949
-669.2
-668.913
-669.143
-669.171
-669.033
-669.183
-668.819
-669.001
-669.404
-668.89
-669.522
-668.608
-669.136
-669.112
-669.396
-669.513
-669.143
-669.089
-669.055
-668.849
-668.995
-668.819
-669.205
-669.069
-668.944
-668.924
-669.209
-669.096
-669.096
-669.135
-668.8
-669.349
-669.042
-669.104
-669.238
-669.006
-668.939
-669.17
-669.037
-668.86
-668.769
-668.493
-669.136
-668.953
-669.031
-669.326
-668.987
-668.95
-668.9
-668.917
-669.392
-669.156
-669.141
-669.224
-669.417
-669.366
-669.269
-668.928
-667.852
-669.131
-669.108
-669.328
-669.225
-668.851
-668.811
-669.006
-668.894
-669.107
-669.242
-668.571
-669.337
-669.461
-669.173
-669.469
-669.17
-668.959
-669.224
-669.345
-669.005
-669
-668.876
-668.938
-668.989
-669.092
-668.979
-668.846
-669.062
-669.052
-669.017
-669.068
-669.169
-669.063
-669.02
-669.101
-668.736
-668.911
-669.024
-668.6
-668.977
-669.038
-668.907
-668.935
-669.171
-668.994
-669.15
-669.243
-669.126
-669.017
-668.558
-669.266
-669.133
-669.079
-668.974
-669.211
-669.007
-668.85
-669.04
-668.936
-669.34
-667.593
-668.682
-669.194
-669.06
-669.29
-668.776
-668.965
-669.173
-669.024
-669.08
-668.969
-669.242
-669.396
-668.724
-669.534
-669.32
-668.774
-669.257
-669.396
-669.163
-669.29
-669.26
-669.025
-669.335
-668.964
-669.475
-669.125
-668.771
-669.246
-669.141
-668.968
-669.227
-668.817
-669.019
-668.054
-669.379
-669.534
-668.812
-668.973
-669.084
-669.093
-669.162
-669.203
-668.957
-669.099
-668.944
-669.223
-669.542
-668.791
-669.109
-668.985
-669.243
-668.725
-668.979
-668.959
-669.156
-668.845
-669.001
-668.532
-668.706
-669.431
-669.365
-669.197
-668.982
-669.578
-669.102
-669.362
-669.309
-669.633
-669.363
-669.2
-668.907
-669.077
-668.479
-669.256
-669.279
-669.26
-669.127
-668.816
-668.94
-669.281
-669.114
-669.258
-669.215
-668.871
-669.556
-669.041
-669.123
-669.304
-669.519
-669.107
-669.004
-669.014
-669.353
-668.914
-668.992
-669.12
-669.552
-669.082
-668.933
-669.212
-668.504
-669.359
-669.024
-669.276
-669.623
-669.341
-669.153
-668.707
-669.008
-669.171
-669.283
-669.198
-669.092
-669.027
-669.11
-669.014
-668.779
-668.912
-668.983
-669.178
-668.333
-668.824
-669.292
-669.248
-669.162
-669.134
-669.295
-669.103
-669.225
-668.911
-669.043
-669.349
-670.034
-669.107
-669.073
-669.134
-668.71
-668.821
-669.302
-669.118
-669.044
-669.227
-668.95
-669.137
-669.226
-669.475
-669.184
-668.649
-669.11
-669.253
-669.19
-669.259
-669.55
-668.577
-669.426
-669.464
-668.449
-668.787
-669.218
-669.149
-668.817
-669.19
-669.255
-669.243
-668.965
-669.352
-668.954
-669.151
-669.077
-669.211
-668.937
-669.117
-668.87
-669.46
-669.302
-668.944
-668.566
-669.035
-669.169
-668.732
-668.911
-669.375
-669.012
-668.915
-669.182
-669.054
-668.411
-669.017
-668.861
-669.384
-668.861
-669.473
-668.827
-669.364
-669.516
-668.905
-669.284
-669.066
-669.14
-668.739
-669.09
-668.839
-669.204
-668.942
-669.049
-668.914
-669.266
-669.024
-669.482
-669.163
-669.201
-669.047
-669.265
-668.954
-668.751
-669.403
-669.405
-668.713
-668.494
-669.275
-669.136
-668.86
-668.805
-669.132
-669.542
-668.859
-668.986
-669.169
-668.661
-669.111
-668.88
-669.115
-669.529
-668.653
-669.091
-669.179
-669.375
-669.26
-668.895
-669.151
-668.957
-669.026
-669.346
-668.757
-669.024
-668.462
-669.433
-669.223
-668.465
-669.361
-668.881
-669.255
-669.476
-669.291
-669.271
-669.082
-668.872
-669.123
-668.518
-669.042
-669.467
-669
-668.83
-669.288
-669.245
-669.231
-669.08
-668.93
-668.989
-669.26
-669.467
-669.069
-668.791
-669.199
-669.243
-668.916
-669.118
-669.48
-669.1
-669.341
-669.663
-669.159
-669.226
-668.816
-668.731
-669.231
-669.027
-668.878
-668.786
-668.922
-669.139
-669.236
-669.195
-669.229
-669.292
-669.219
-668.842
-669.065
-669.104
-669.193
-669.223
-669.132
-669.439
-669.233
-669.252
-668.708
-669.136
-669.385
-668.97
-669.239
-669.338
-669.122
-668.67
-669.244
-668.961
-668.985
-669.108
-669.532
-669.229
-669.287
-668.771
-669.298
-669.398
-669.114
-669.361
-668.672
-668.805
-669.184
-669.411
-669.751
-669.011
-669.316
-668.88
-668.769
-669.066
-668.813
-669.405
-669.37
-669.257
-668.902
-669.052
-669.276
-668.903
-668.829
-668.443
-669.514
-669.069
-669.184
-669.11
-668.961
-667.789
-667.97
-669.049
-669.269
-669.107
-669.148
-669.064
-669.091
-669.603
-669.53
-669.02
-668.722
-669.051
-669.116
-669.008
-668.885
-669.062
-669.038
-669.008
-669.361
-668.75
-668.616
-669.092
-669.181
-668.805
-668.787
-669.088
-668.921
-668.73
-669.055
-668.847
-669.161
-669.243
-668.804
-669.387
-669.168
-668.813
-668.99
-669.238
-669.205
-669.118
-668.628
-669.111
-669.009
-669.123
-669.028
-668.673
-669.196
-668.88
-669.093
-669.22
-669.05
-669.618
-669.151
-669.15
-668.885
-669.05
-669.085
-669.171
-669.431
-668.887
-668.749
-669.069
-668.842
-668.856
-668.799
-669.02
-668.819
-669.052
-668.817
-668.986
-668.59
-668.622
-669.132
-669.086
-669.102
-669.147
-668.6
-669.113
-669.125
-668.85
-669.047
-669.208
-668.608
-669.837
-668.587
-669.312
-668.779
-669.15
-669.269
-669
-668.803
-668.935
-668.935
-669.267
-668.787
-668.828
-669.004
-669.203
-668.976
-668.809
-669.233
-669.567
-669.146
-668.982
-668.834
-668.83
-669.19
-668.992
-669.121
-668.977
-669.179
-669.058
-668.99
-669.307
-669.156
-669.274
-668.854
-669.105
-669.356
-669.028
-668.906
-669.428
-669.292
-669.28
-669.396
-669.16
-668.69
-669.03
-669.113
-669.548
-669.076
-669.084
-668.979
-669.419
-669.035
-668.796
-669.417
-669.374
-668.817
-668.836
-668.947
-668.98
-669.274
-669.226
-669.287
-668.995
-669.198
-669.143
-669.321
-669.165
-667.757
-668.999
-668.999
-669.206
-669.361
-668.778
-669.326
-669.376
-667.885
-669.19
-668.891
-668.936
-669.109
-669.094
-669.183
-669.515
-668.526
-669.161
-668.668
-669.456
-669.084
-669.277
-669.248
-669.063
-669.156
-668.954
-669.161
-669.492
-668.888
-668.956
-669.189
-668.719
-669.057
-669.106
-668.861
-668.956
-669.225
-669.382
-669.079
-668.996
-669.178
-669.053
-667.302
-669.179
-669.288
-669.387
-668.962
-669.035
-668.63
-668.726
-669.318
-669.223
-668.998
-669.143
-669.341
-669.133
-668.771
-668.985
-669.135
-669.128
-668.976
-669.268
-669.248
-669.102
-669.022
-669.107
-669.2
-668.658
-669.304
-668.811
-669.659
-668.932
-668.917
-668.842
-669.023
-668.835
-669.296
-668.487
-669.103
-668.843
-668.454
-668.956
-668.764
-669.206
-668.868
-668.852
-669.225
-669.255
-668.834
-669.128
-669.432
-669.141
-668.69
-669.325
-668.747
-668.943
-669.051
-669.118
-668.995
-668.916
-669.36
-668.85
-669.152
-669.342
-669.14
-669.129
-669.004
-669.201
-669.286
-669.308
-668.951
-669.1
-669.11
-669.038
-669.132
-668.905
-669.007
-669.069
-669
-668.828
-669.188
-668.634
-669.139
-668.321
-669.576
-668.85
-669.077
-669.096
-669.162
-668.573
-669.1
-669.169
-668.985
-669.202
-668.998
-669.181
-668.956
-669.19
-669.264
-668.694
-668.978
-668.915
-669.114
-668.813
-668.726
-669.026
-668.904
-669.236
-669.066
-669.298
-669.251
-669.006
-669.048
-669.316
-669.351
-669.461
-669.302
-668.867
-668.504
-669.245
-669.205
-668.988
-669.166
-669.135
-669.4
-668.825
-668.886
-669.158
-668.691
-669.086
-668.913
-668.886
-668.618
-668.963
-668.911
-669.365
-668.802
-668.917
-669.176
-669.27
-668.922
-668.932
-669.261
-669.158
-669.011
-669.065
-669.086
-668.902
-668.537
-669.476
-668.969
-669.519
-668.704
-669.154
-669.417
-668.594
-668.937
-669.475
-668.895
-668.909
-669.763
-669.221
-668.941
-668.602
-669.549
-669.152
-668.917
-668.789
-669.204
-669.048
-668.964
-669.283
-669.456
-668.975
-669.086
-669.195
-669.08
-669.079
-668.991
-669.188
-669.406
-669.021
-668.722
-668.796
-668.929
-669.528
-669.252
-668.92
-669.419
-669.086
-669.393
-669.442
-669.344
-669.092
-668.857
-668.974
-669.233
-668.965
-668.734
-669.475
-668.885
-669.695
-669.121
-669.273
-669.456
-668.597
-668.92
-669.177
-669.007
-669.055
-668.716
-669.268
-669.444
-669.56
-668.671
-669.253
-669.219
-669.261
-668.99
-669.066
-667.562
-669.083
-668.867
-668.89
-668.535
-669.251
-669.08
-668.849
-669.108
-669.211
-668.911
-669.103
-669.447
-669.018
-669.167
-669.646
-668.931
-669.431
-668.551
-669.054
-669.298
-669.076
-669.007
-669.173
-669.437
-668.973
-669.083
-669.159
-669.051
-667.953
-669.375
-669.451
-668.901
-669.134
-666.775
-669.144
-669.073
-669.035
-669.337
-669.138
-669.45
-669.004
-669.117
-669.579
-668.84
-669.041
-669.142
-669.129
-669.465
-669.159
-669.072
-667.367
-669.236
-668.652
-669.094
-669.028
-669.059
-668.545
-669.273
-667.813
-669.259
-668.995
-669.144
-669.298
-669.557
-669.322
-669.3
-669.213
-669.085
-667.892
-669.116
-669.121
-669.33
-669.173
-668.846
-669.195
-669.101
-668.812
-669.228
-668.948
-668.935
-668.582
-669.29
-668.571
-668.389
-669.625
-669.293
-669.42
-669.293
-669.068
-669.066
-668.984
-668.967
-668.996
-669.281
-669.299
-669.277
-669.299
-668.873
-668.97
-669.092
-668.927
-669.331
-669.035
-669.273
-668.902
-669.148
-669.234
-668.829
-668.919
-668.891
-669.324
-669.03
-669.156
-668.913
-669.423
-668.883
-668.929
-668.944
-668.867
-668.798
-669.011
-668.914
-667.573
-669.428
-669.226
-668.488
-669.178
